NA,246,249,252,255,258,261,264,267,270,273,276,279,282,285,288,291,294,297,300,303,306,309,312,315,318,321,324,327,330,333,336,339,342,345,348,351,354,357,360,363,366,369,372,375,378,381,384,387,390,393,396,399,402,405,408,411,414,417,420,423,426,429,432,435,438,441,444,447,450,453,456,459,462,465,468,471,474,477,480,483,486,489,492,495,498,501,504,507,510,513,516,519,522,525,528,531,534,537,540,543,546,549,552,555,558,561,564,567,570,573,576,579,582,585,588,591,594,597,600
283.73,0.149409627469098,NA,NA,NA,NA,NA,NA,NA,NA,NA,NA,NA,NA,NA,NA,NA,NA,NA,NA,NA,NA,NA,NA,NA,NA,NA,NA,NA,NA,NA,NA,NA,NA,NA,NA,NA,NA,NA,NA,NA,NA,NA,NA,NA,NA,NA,NA,NA,NA,NA,NA,NA,NA,NA,NA,NA,NA,NA,NA,NA,NA,NA,NA,NA,NA,NA,NA,NA,NA,NA,NA,NA,NA,NA,NA,NA,NA,NA,NA,NA,NA,NA,NA,NA,NA,NA,NA,NA,NA,NA,NA,NA,NA,NA,NA,NA,NA,NA,NA,NA,NA,NA,NA,NA,NA,NA,NA,NA,NA,NA,NA,NA,NA,NA,NA,NA,NA,NA,NA
285.33,-0.0808122017390349,NA,NA,NA,NA,NA,NA,NA,NA,NA,NA,NA,NA,NA,NA,NA,NA,NA,NA,NA,NA,NA,NA,NA,NA,NA,NA,NA,NA,NA,NA,NA,NA,NA,NA,NA,NA,NA,NA,NA,NA,NA,NA,NA,NA,NA,NA,NA,NA,NA,NA,NA,NA,NA,NA,NA,NA,NA,NA,NA,NA,NA,NA,NA,NA,NA,NA,NA,NA,NA,NA,NA,NA,NA,NA,NA,NA,NA,NA,NA,NA,NA,NA,NA,NA,NA,NA,NA,NA,NA,NA,NA,NA,NA,NA,NA,NA,NA,NA,NA,NA,NA,NA,NA,NA,NA,NA,NA,NA,NA,NA,NA,NA,NA,NA,NA,NA,NA,NA
286.93,0.344886047069115,0.231673096928638,NA,NA,NA,NA,NA,NA,NA,NA,NA,NA,NA,NA,NA,NA,NA,NA,NA,NA,NA,NA,NA,NA,NA,NA,NA,NA,NA,NA,NA,NA,NA,NA,NA,NA,NA,NA,NA,NA,NA,NA,NA,NA,NA,NA,NA,NA,NA,NA,NA,NA,NA,NA,NA,NA,NA,NA,NA,NA,NA,NA,NA,NA,NA,NA,NA,NA,NA,NA,NA,NA,NA,NA,NA,NA,NA,NA,NA,NA,NA,NA,NA,NA,NA,NA,NA,NA,NA,NA,NA,NA,NA,NA,NA,NA,NA,NA,NA,NA,NA,NA,NA,NA,NA,NA,NA,NA,NA,NA,NA,NA,NA,NA,NA,NA,NA,NA,NA
288.531,0.263181988585909,0.00883397988890849,NA,NA,NA,NA,NA,NA,NA,NA,NA,NA,NA,NA,NA,NA,NA,NA,NA,NA,NA,NA,NA,NA,NA,NA,NA,NA,NA,NA,NA,NA,NA,NA,NA,NA,NA,NA,NA,NA,NA,NA,NA,NA,NA,NA,NA,NA,NA,NA,NA,NA,NA,NA,NA,NA,NA,NA,NA,NA,NA,NA,NA,NA,NA,NA,NA,NA,NA,NA,NA,NA,NA,NA,NA,NA,NA,NA,NA,NA,NA,NA,NA,NA,NA,NA,NA,NA,NA,NA,NA,NA,NA,NA,NA,NA,NA,NA,NA,NA,NA,NA,NA,NA,NA,NA,NA,NA,NA,NA,NA,NA,NA,NA,NA,NA,NA,NA,NA
290.132,-0.000115349895347846,0.148520621868826,0.206848797836241,NA,NA,NA,NA,NA,NA,NA,NA,NA,NA,NA,NA,NA,NA,NA,NA,NA,NA,NA,NA,NA,NA,NA,NA,NA,NA,NA,NA,NA,NA,NA,NA,NA,NA,NA,NA,NA,NA,NA,NA,NA,NA,NA,NA,NA,NA,NA,NA,NA,NA,NA,NA,NA,NA,NA,NA,NA,NA,NA,NA,NA,NA,NA,NA,NA,NA,NA,NA,NA,NA,NA,NA,NA,NA,NA,NA,NA,NA,NA,NA,NA,NA,NA,NA,NA,NA,NA,NA,NA,NA,NA,NA,NA,NA,NA,NA,NA,NA,NA,NA,NA,NA,NA,NA,NA,NA,NA,NA,NA,NA,NA,NA,NA,NA,NA,NA
291.735,0.321417911403972,0.276658060940188,0.161213605725879,NA,NA,NA,NA,NA,NA,NA,NA,NA,NA,NA,NA,NA,NA,NA,NA,NA,NA,NA,NA,NA,NA,NA,NA,NA,NA,NA,NA,NA,NA,NA,NA,NA,NA,NA,NA,NA,NA,NA,NA,NA,NA,NA,NA,NA,NA,NA,NA,NA,NA,NA,NA,NA,NA,NA,NA,NA,NA,NA,NA,NA,NA,NA,NA,NA,NA,NA,NA,NA,NA,NA,NA,NA,NA,NA,NA,NA,NA,NA,NA,NA,NA,NA,NA,NA,NA,NA,NA,NA,NA,NA,NA,NA,NA,NA,NA,NA,NA,NA,NA,NA,NA,NA,NA,NA,NA,NA,NA,NA,NA,NA,NA,NA,NA,NA,NA
293.337,0.189784181816146,0.238054614237628,0.231827435536117,0.171326033676354,NA,NA,NA,NA,NA,NA,NA,NA,NA,NA,NA,NA,NA,NA,NA,NA,NA,NA,NA,NA,NA,NA,NA,NA,NA,NA,NA,NA,NA,NA,NA,NA,NA,NA,NA,NA,NA,NA,NA,NA,NA,NA,NA,NA,NA,NA,NA,NA,NA,NA,NA,NA,NA,NA,NA,NA,NA,NA,NA,NA,NA,NA,NA,NA,NA,NA,NA,NA,NA,NA,NA,NA,NA,NA,NA,NA,NA,NA,NA,NA,NA,NA,NA,NA,NA,NA,NA,NA,NA,NA,NA,NA,NA,NA,NA,NA,NA,NA,NA,NA,NA,NA,NA,NA,NA,NA,NA,NA,NA,NA,NA,NA,NA,NA,NA
294.941,0.302296738008704,0.110003865952008,0.285391017921788,0.299561003893881,NA,NA,NA,NA,NA,NA,NA,NA,NA,NA,NA,NA,NA,NA,NA,NA,NA,NA,NA,NA,NA,NA,NA,NA,NA,NA,NA,NA,NA,NA,NA,NA,NA,NA,NA,NA,NA,NA,NA,NA,NA,NA,NA,NA,NA,NA,NA,NA,NA,NA,NA,NA,NA,NA,NA,NA,NA,NA,NA,NA,NA,NA,NA,NA,NA,NA,NA,NA,NA,NA,NA,NA,NA,NA,NA,NA,NA,NA,NA,NA,NA,NA,NA,NA,NA,NA,NA,NA,NA,NA,NA,NA,NA,NA,NA,NA,NA,NA,NA,NA,NA,NA,NA,NA,NA,NA,NA,NA,NA,NA,NA,NA,NA,NA,NA
296.545,0.437457401648914,0.243589448206511,0.397726769863424,0.265280554935664,0.434720220339925,NA,NA,NA,NA,NA,NA,NA,NA,NA,NA,NA,NA,NA,NA,NA,NA,NA,NA,NA,NA,NA,NA,NA,NA,NA,NA,NA,NA,NA,NA,NA,NA,NA,NA,NA,NA,NA,NA,NA,NA,NA,NA,NA,NA,NA,NA,NA,NA,NA,NA,NA,NA,NA,NA,NA,NA,NA,NA,NA,NA,NA,NA,NA,NA,NA,NA,NA,NA,NA,NA,NA,NA,NA,NA,NA,NA,NA,NA,NA,NA,NA,NA,NA,NA,NA,NA,NA,NA,NA,NA,NA,NA,NA,NA,NA,NA,NA,NA,NA,NA,NA,NA,NA,NA,NA,NA,NA,NA,NA,NA,NA,NA,NA,NA
298.149,0.334526211777919,0.224974322655066,0.304724079676008,0.417258655399349,0.340564001722214,0.451679088326227,NA,NA,NA,NA,NA,NA,NA,NA,NA,NA,NA,NA,NA,NA,NA,NA,NA,NA,NA,NA,NA,NA,NA,NA,NA,NA,NA,NA,NA,NA,NA,NA,NA,NA,NA,NA,NA,NA,NA,NA,NA,NA,NA,NA,NA,NA,NA,NA,NA,NA,NA,NA,NA,NA,NA,NA,NA,NA,NA,NA,NA,NA,NA,NA,NA,NA,NA,NA,NA,NA,NA,NA,NA,NA,NA,NA,NA,NA,NA,NA,NA,NA,NA,NA,NA,NA,NA,NA,NA,NA,NA,NA,NA,NA,NA,NA,NA,NA,NA,NA,NA,NA,NA,NA,NA,NA,NA,NA,NA,NA,NA,NA,NA
299.754,0.210089028175449,0.522757568937789,0.387206799348147,0.411452903160192,0.433323498561921,0.506586802720328,NA,NA,NA,NA,NA,NA,NA,NA,NA,NA,NA,NA,NA,NA,NA,NA,NA,NA,NA,NA,NA,NA,NA,NA,NA,NA,NA,NA,NA,NA,NA,NA,NA,NA,NA,NA,NA,NA,NA,NA,NA,NA,NA,NA,NA,NA,NA,NA,NA,NA,NA,NA,NA,NA,NA,NA,NA,NA,NA,NA,NA,NA,NA,NA,NA,NA,NA,NA,NA,NA,NA,NA,NA,NA,NA,NA,NA,NA,NA,NA,NA,NA,NA,NA,NA,NA,NA,NA,NA,NA,NA,NA,NA,NA,NA,NA,NA,NA,NA,NA,NA,NA,NA,NA,NA,NA,NA,NA,NA,NA,NA,NA,NA
301.36,0.270044713399025,0.429036608905725,0.372983062424019,0.404434473488152,0.434304029603749,0.468143227966436,0.581937490455826,NA,NA,NA,NA,NA,NA,NA,NA,NA,NA,NA,NA,NA,NA,NA,NA,NA,NA,NA,NA,NA,NA,NA,NA,NA,NA,NA,NA,NA,NA,NA,NA,NA,NA,NA,NA,NA,NA,NA,NA,NA,NA,NA,NA,NA,NA,NA,NA,NA,NA,NA,NA,NA,NA,NA,NA,NA,NA,NA,NA,NA,NA,NA,NA,NA,NA,NA,NA,NA,NA,NA,NA,NA,NA,NA,NA,NA,NA,NA,NA,NA,NA,NA,NA,NA,NA,NA,NA,NA,NA,NA,NA,NA,NA,NA,NA,NA,NA,NA,NA,NA,NA,NA,NA,NA,NA,NA,NA,NA,NA,NA,NA
302.966,0.491325958002107,0.371468844146111,0.43827942029294,1.68132949178546,0.524228459396393,0.536064084959839,0.542345475805301,NA,NA,NA,NA,NA,NA,NA,NA,NA,NA,NA,NA,NA,NA,NA,NA,NA,NA,NA,NA,NA,NA,NA,NA,NA,NA,NA,NA,NA,NA,NA,NA,NA,NA,NA,NA,NA,NA,NA,NA,NA,NA,NA,NA,NA,NA,NA,NA,NA,NA,NA,NA,NA,NA,NA,NA,NA,NA,NA,NA,NA,NA,NA,NA,NA,NA,NA,NA,NA,NA,NA,NA,NA,NA,NA,NA,NA,NA,NA,NA,NA,NA,NA,NA,NA,NA,NA,NA,NA,NA,NA,NA,NA,NA,NA,NA,NA,NA,NA,NA,NA,NA,NA,NA,NA,NA,NA,NA,NA,NA,NA,NA
304.573,0.615147361192832,0.487352611448488,0.498043718881237,0.535543972770443,0.463659313830104,0.545492325384664,0.580297803113686,0.623401478499719,NA,NA,NA,NA,NA,NA,NA,NA,NA,NA,NA,NA,NA,NA,NA,NA,NA,NA,NA,NA,NA,NA,NA,NA,NA,NA,NA,NA,NA,NA,NA,NA,NA,NA,NA,NA,NA,NA,NA,NA,NA,NA,NA,NA,NA,NA,NA,NA,NA,NA,NA,NA,NA,NA,NA,NA,NA,NA,NA,NA,NA,NA,NA,NA,NA,NA,NA,NA,NA,NA,NA,NA,NA,NA,NA,NA,NA,NA,NA,NA,NA,NA,NA,NA,NA,NA,NA,NA,NA,NA,NA,NA,NA,NA,NA,NA,NA,NA,NA,NA,NA,NA,NA,NA,NA,NA,NA,NA,NA,NA,NA
306.181,0.499676373170675,0.33587427137616,0.505349791219693,0.481691622302569,0.470274829435059,0.53478731772224,0.592401821640037,0.658194734748245,NA,NA,NA,NA,NA,NA,NA,NA,NA,NA,NA,NA,NA,NA,NA,NA,NA,NA,NA,NA,NA,NA,NA,NA,NA,NA,NA,NA,NA,NA,NA,NA,NA,NA,NA,NA,NA,NA,NA,NA,NA,NA,NA,NA,NA,NA,NA,NA,NA,NA,NA,NA,NA,NA,NA,NA,NA,NA,NA,NA,NA,NA,NA,NA,NA,NA,NA,NA,NA,NA,NA,NA,NA,NA,NA,NA,NA,NA,NA,NA,NA,NA,NA,NA,NA,NA,NA,NA,NA,NA,NA,NA,NA,NA,NA,NA,NA,NA,NA,NA,NA,NA,NA,NA,NA,NA,NA,NA,NA,NA,NA
307.789,0.79735973198026,0.444937274459393,0.668291241767157,0.49824510094219,0.630984488631259,0.582323536423872,0.648359093227254,0.713685937112992,0.787990939543069,NA,NA,NA,NA,NA,NA,NA,NA,NA,NA,NA,NA,NA,NA,NA,NA,NA,NA,NA,NA,NA,NA,NA,NA,NA,NA,NA,NA,NA,NA,NA,NA,NA,NA,NA,NA,NA,NA,NA,NA,NA,NA,NA,NA,NA,NA,NA,NA,NA,NA,NA,NA,NA,NA,NA,NA,NA,NA,NA,NA,NA,NA,NA,NA,NA,NA,NA,NA,NA,NA,NA,NA,NA,NA,NA,NA,NA,NA,NA,NA,NA,NA,NA,NA,NA,NA,NA,NA,NA,NA,NA,NA,NA,NA,NA,NA,NA,NA,NA,NA,NA,NA,NA,NA,NA,NA,NA,NA,NA,NA
309.398,0.540259621153963,0.635134230594121,0.503185424085202,0.615593936795667,0.620896199666944,0.615315368117295,0.726126635138548,0.714431228479178,0.807504832625109,0.841939015126165,NA,NA,NA,NA,NA,NA,NA,NA,NA,NA,NA,NA,NA,NA,NA,NA,NA,NA,NA,NA,NA,NA,NA,NA,NA,NA,NA,NA,NA,NA,NA,NA,NA,NA,NA,NA,NA,NA,NA,NA,NA,NA,NA,NA,NA,NA,NA,NA,NA,NA,NA,NA,NA,NA,NA,NA,NA,NA,NA,NA,NA,NA,NA,NA,NA,NA,NA,NA,NA,NA,NA,NA,NA,NA,NA,NA,NA,NA,NA,NA,NA,NA,NA,NA,NA,NA,NA,NA,NA,NA,NA,NA,NA,NA,NA,NA,NA,NA,NA,NA,NA,NA,NA,NA,NA,NA,NA,NA,NA
311.007,0.592245830990156,0.671243010890978,0.672151772584999,0.541778014710238,0.638246954551866,0.67445472326136,0.659620560372083,0.730723663293573,0.79256563193331,0.895108451435429,NA,NA,NA,NA,NA,NA,NA,NA,NA,NA,NA,NA,NA,NA,NA,NA,NA,NA,NA,NA,NA,NA,NA,NA,NA,NA,NA,NA,NA,NA,NA,NA,NA,NA,NA,NA,NA,NA,NA,NA,NA,NA,NA,NA,NA,NA,NA,NA,NA,NA,NA,NA,NA,NA,NA,NA,NA,NA,NA,NA,NA,NA,NA,NA,NA,NA,NA,NA,NA,NA,NA,NA,NA,NA,NA,NA,NA,NA,NA,NA,NA,NA,NA,NA,NA,NA,NA,NA,NA,NA,NA,NA,NA,NA,NA,NA,NA,NA,NA,NA,NA,NA,NA,NA,NA,NA,NA,NA,NA
312.617,0.595679143018617,0.583488433371027,0.550398907633111,0.685702848611498,0.616559936627355,0.660515129347614,0.698641347431793,0.776030687022126,0.829273215663576,0.946452346514141,0.944346890446137,NA,NA,NA,NA,NA,NA,NA,NA,NA,NA,NA,NA,NA,NA,NA,NA,NA,NA,NA,NA,NA,NA,NA,NA,NA,NA,NA,NA,NA,NA,NA,NA,NA,NA,NA,NA,NA,NA,NA,NA,NA,NA,NA,NA,NA,NA,NA,NA,NA,NA,NA,NA,NA,NA,NA,NA,NA,NA,NA,NA,NA,NA,NA,NA,NA,NA,NA,NA,NA,NA,NA,NA,NA,NA,NA,NA,NA,NA,NA,NA,NA,NA,NA,NA,NA,NA,NA,NA,NA,NA,NA,NA,NA,NA,NA,NA,NA,NA,NA,NA,NA,NA,NA,NA,NA,NA,NA,NA
314.228,0.920388127257065,0.518071297383498,0.527658632146308,0.728211516007283,0.679788450353287,0.712699940361046,0.788368609298741,0.773467218076788,0.851989836130497,0.918865940282979,0.998249285395478,NA,NA,NA,NA,NA,NA,NA,NA,NA,NA,NA,NA,NA,NA,NA,NA,NA,NA,NA,NA,NA,NA,NA,NA,NA,NA,NA,NA,NA,NA,NA,NA,NA,NA,NA,NA,NA,NA,NA,NA,NA,NA,NA,NA,NA,NA,NA,NA,NA,NA,NA,NA,NA,NA,NA,NA,NA,NA,NA,NA,NA,NA,NA,NA,NA,NA,NA,NA,NA,NA,NA,NA,NA,NA,NA,NA,NA,NA,NA,NA,NA,NA,NA,NA,NA,NA,NA,NA,NA,NA,NA,NA,NA,NA,NA,NA,NA,NA,NA,NA,NA,NA,NA,NA,NA,NA,NA,NA
315.839,0.626521666249,0.547179750263477,0.688667515095837,0.747397060075509,0.699476119482223,0.645901877881477,0.746036091356404,0.809775907819189,0.879306358195902,0.962324370247934,1.01000867502513,0.971823036225944,NA,NA,NA,NA,NA,NA,NA,NA,NA,NA,NA,NA,NA,NA,NA,NA,NA,NA,NA,NA,NA,NA,NA,NA,NA,NA,NA,NA,NA,NA,NA,NA,NA,NA,NA,NA,NA,NA,NA,NA,NA,NA,NA,NA,NA,NA,NA,NA,NA,NA,NA,NA,NA,NA,NA,NA,NA,NA,NA,NA,NA,NA,NA,NA,NA,NA,NA,NA,NA,NA,NA,NA,NA,NA,NA,NA,NA,NA,NA,NA,NA,NA,NA,NA,NA,NA,NA,NA,NA,NA,NA,NA,NA,NA,NA,NA,NA,NA,NA,NA,NA,NA,NA,NA,NA,NA,NA
317.451,0.568686210751197,0.653713012057045,0.725108765780552,0.772369708516707,0.760928859166589,0.760592314569923,0.788321881152514,0.874026419723882,0.854212456699302,0.933709989230095,1.03774184644532,1.00052645337217,NA,NA,NA,NA,NA,NA,NA,NA,NA,NA,NA,NA,NA,NA,NA,NA,NA,NA,NA,NA,NA,NA,NA,NA,NA,NA,NA,NA,NA,NA,NA,NA,NA,NA,NA,NA,NA,NA,NA,NA,NA,NA,NA,NA,NA,NA,NA,NA,NA,NA,NA,NA,NA,NA,NA,NA,NA,NA,NA,NA,NA,NA,NA,NA,NA,NA,NA,NA,NA,NA,NA,NA,NA,NA,NA,NA,NA,NA,NA,NA,NA,NA,NA,NA,NA,NA,NA,NA,NA,NA,NA,NA,NA,NA,NA,NA,NA,NA,NA,NA,NA,NA,NA,NA,NA,NA,NA
319.063,0.698741528868508,0.691330160031521,0.692167263119448,0.748540102554727,0.768674680777254,0.734142036700676,0.748740098560965,0.852086748456987,0.920616100766056,0.970720246492129,1.04323333178,1.06827837888175,0.939890367519866,NA,NA,NA,NA,NA,NA,NA,NA,NA,NA,NA,NA,NA,NA,NA,NA,NA,NA,NA,NA,NA,NA,NA,NA,NA,NA,NA,NA,NA,NA,NA,NA,NA,NA,NA,NA,NA,NA,NA,NA,NA,NA,NA,NA,NA,NA,NA,NA,NA,NA,NA,NA,NA,NA,NA,NA,NA,NA,NA,NA,NA,NA,NA,NA,NA,NA,NA,NA,NA,NA,NA,NA,NA,NA,NA,NA,NA,NA,NA,NA,NA,NA,NA,NA,NA,NA,NA,NA,NA,NA,NA,NA,NA,NA,NA,NA,NA,NA,NA,NA,NA,NA,NA,NA,NA,NA
320.676,0.76734493557285,0.609956664318569,0.838517093069887,0.758116651226936,0.788617379961319,0.886126852196825,0.774351881962617,0.830917685036359,0.891586359630978,0.94476930760779,1.05891336525762,1.06242210627939,0.99537590863123,NA,NA,NA,NA,NA,NA,NA,NA,NA,NA,NA,NA,NA,NA,NA,NA,NA,NA,NA,NA,NA,NA,NA,NA,NA,NA,NA,NA,NA,NA,NA,NA,NA,NA,NA,NA,NA,NA,NA,NA,NA,NA,NA,NA,NA,NA,NA,NA,NA,NA,NA,NA,NA,NA,NA,NA,NA,NA,NA,NA,NA,NA,NA,NA,NA,NA,NA,NA,NA,NA,NA,NA,NA,NA,NA,NA,NA,NA,NA,NA,NA,NA,NA,NA,NA,NA,NA,NA,NA,NA,NA,NA,NA,NA,NA,NA,NA,NA,NA,NA,NA,NA,NA,NA,NA,NA
322.29,0.881719813511966,0.755522079956501,0.696185122231614,0.860461521681369,0.739562627779278,0.781311080020242,0.781566900306494,0.859283724495622,0.861788867993595,0.95940704543106,1.02863076707716,1.04117058371883,1.02495435278007,0.856829402168501,NA,NA,NA,NA,NA,NA,NA,NA,NA,NA,NA,NA,NA,NA,NA,NA,NA,NA,NA,NA,NA,NA,NA,NA,NA,NA,NA,NA,NA,NA,NA,NA,NA,NA,NA,NA,NA,NA,NA,NA,NA,NA,NA,NA,NA,NA,NA,NA,NA,NA,NA,NA,NA,NA,NA,NA,NA,NA,NA,NA,NA,NA,NA,NA,NA,NA,NA,NA,NA,NA,NA,NA,NA,NA,NA,NA,NA,NA,NA,NA,NA,NA,NA,NA,NA,NA,NA,NA,NA,NA,NA,NA,NA,NA,NA,NA,NA,NA,NA,NA,NA,NA,NA,NA,NA
323.904,0.716621450258179,0.661944745744665,0.838979937164174,0.739809502437241,0.815238042413939,0.77924115995482,0.829213373048172,0.853680175658221,0.853137589200165,0.924909056254954,0.997373213515797,1.0450526719373,1.0408382851933,0.909639632461324,0.619468123939852,NA,NA,NA,NA,NA,NA,NA,NA,NA,NA,NA,NA,NA,NA,NA,NA,NA,NA,NA,NA,NA,NA,NA,NA,NA,NA,NA,NA,NA,NA,NA,NA,NA,NA,NA,NA,NA,NA,NA,NA,NA,NA,NA,NA,NA,NA,NA,NA,NA,NA,NA,NA,NA,NA,NA,NA,NA,NA,NA,NA,NA,NA,NA,NA,NA,NA,NA,NA,NA,NA,NA,NA,NA,NA,NA,NA,NA,NA,NA,NA,NA,NA,NA,NA,NA,NA,NA,NA,NA,NA,NA,NA,NA,NA,NA,NA,NA,NA,NA,NA,NA,NA,NA,NA
325.519,0.586373551100789,0.813717503056596,0.756123954302706,0.867901827284027,0.819915716364567,0.739840212930986,0.880567231487601,0.812967978032292,0.877361011702645,0.974234998543503,0.990969458553691,1.05678994613492,1.02604706003435,0.92730898412316,0.683888684540178,NA,NA,NA,NA,NA,NA,NA,NA,NA,NA,NA,NA,NA,NA,NA,NA,NA,NA,NA,NA,NA,NA,NA,NA,NA,NA,NA,NA,NA,NA,NA,NA,NA,NA,NA,NA,NA,NA,NA,NA,NA,NA,NA,NA,NA,NA,NA,NA,NA,NA,NA,NA,NA,NA,NA,NA,NA,NA,NA,NA,NA,NA,NA,NA,NA,NA,NA,NA,NA,NA,NA,NA,NA,NA,NA,NA,NA,NA,NA,NA,NA,NA,NA,NA,NA,NA,NA,NA,NA,NA,NA,NA,NA,NA,NA,NA,NA,NA,NA,NA,NA,NA,NA,NA
327.134,1.05991597275024,0.943582116696917,0.824942060113408,0.775685056064961,0.828519485408057,0.826638818916125,0.801647002137194,0.86750895835263,0.847508891836198,0.94677635664861,0.968754562589648,0.980139742671497,1.01966479221837,0.943522435101434,0.784479356442022,0.466952635075622,NA,NA,NA,NA,NA,NA,NA,NA,NA,NA,NA,NA,NA,NA,NA,NA,NA,NA,NA,NA,NA,NA,NA,NA,NA,NA,NA,NA,NA,NA,NA,NA,NA,NA,NA,NA,NA,NA,NA,NA,NA,NA,NA,NA,NA,NA,NA,NA,NA,NA,NA,NA,NA,NA,NA,NA,NA,NA,NA,NA,NA,NA,NA,NA,NA,NA,NA,NA,NA,NA,NA,NA,NA,NA,NA,NA,NA,NA,NA,NA,NA,NA,NA,NA,NA,NA,NA,NA,NA,NA,NA,NA,NA,NA,NA,NA,NA,NA,NA,NA,NA,NA,NA
328.75,0.920230900283134,0.909972550737148,0.844102798505985,0.874533833916652,0.874028754158748,0.802798920241944,0.84372381999051,0.906072631820141,0.871555000966003,0.891528104137225,0.957738242986761,1.02070116878465,0.975653874612216,0.925417271166101,0.818931716395447,0.541014471298056,NA,NA,NA,NA,NA,NA,NA,NA,NA,NA,NA,NA,NA,NA,NA,NA,NA,NA,NA,NA,NA,NA,NA,NA,NA,NA,NA,NA,NA,NA,NA,NA,NA,NA,NA,NA,NA,NA,NA,NA,NA,NA,NA,NA,NA,NA,NA,NA,NA,NA,NA,NA,NA,NA,NA,NA,NA,NA,NA,NA,NA,NA,NA,NA,NA,NA,NA,NA,NA,NA,NA,NA,NA,NA,NA,NA,NA,NA,NA,NA,NA,NA,NA,NA,NA,NA,NA,NA,NA,NA,NA,NA,NA,NA,NA,NA,NA,NA,NA,NA,NA,NA,NA
330.366,0.843853597099501,0.858856064812792,0.727364810855379,0.860892966126154,0.833297128266985,0.85220662925348,0.820796469072665,0.830745550164425,0.899185994279635,0.968356167762259,0.940409430402137,1.03141276903663,1.00075942935438,0.946705039453717,0.824626838464272,0.623876182919422,0.31443142496068,NA,NA,NA,NA,NA,NA,NA,NA,NA,NA,NA,NA,NA,NA,NA,NA,NA,NA,NA,NA,NA,NA,NA,NA,NA,NA,NA,NA,NA,NA,NA,NA,NA,NA,NA,NA,NA,NA,NA,NA,NA,NA,NA,NA,NA,NA,NA,NA,NA,NA,NA,NA,NA,NA,NA,NA,NA,NA,NA,NA,NA,NA,NA,NA,NA,NA,NA,NA,NA,NA,NA,NA,NA,NA,NA,NA,NA,NA,NA,NA,NA,NA,NA,NA,NA,NA,NA,NA,NA,NA,NA,NA,NA,NA,NA,NA,NA,NA,NA,NA,NA,NA
331.983,1.02423039601486,0.774023711379296,0.864111671497018,0.819852075423996,0.897996224497821,0.825700901422067,0.894476255741277,0.889822434129987,0.871136867685316,0.945821328873612,1.00086473394771,1.00836399198458,1.00432714492899,0.932018675173681,0.854264417393637,0.705003207617328,0.447304280641696,NA,NA,NA,NA,NA,NA,NA,NA,NA,NA,NA,NA,NA,NA,NA,NA,NA,NA,NA,NA,NA,NA,NA,NA,NA,NA,NA,NA,NA,NA,NA,NA,NA,NA,NA,NA,NA,NA,NA,NA,NA,NA,NA,NA,NA,NA,NA,NA,NA,NA,NA,NA,NA,NA,NA,NA,NA,NA,NA,NA,NA,NA,NA,NA,NA,NA,NA,NA,NA,NA,NA,NA,NA,NA,NA,NA,NA,NA,NA,NA,NA,NA,NA,NA,NA,NA,NA,NA,NA,NA,NA,NA,NA,NA,NA,NA,NA,NA,NA,NA,NA,NA
333.601,0.856412729399998,0.841285152744121,0.807180201503848,0.823119740226617,0.836710553855592,0.848798741404944,0.892947134503603,0.872707003525491,0.902711140824893,0.922113799614466,0.969582473252795,1.01047581792216,0.993624325455674,0.931408984966572,0.842989511896297,0.745087182954091,0.497604426222413,0.26934400075194,NA,NA,NA,NA,NA,NA,NA,NA,NA,NA,NA,NA,NA,NA,NA,NA,NA,NA,NA,NA,NA,NA,NA,NA,NA,NA,NA,NA,NA,NA,NA,NA,NA,NA,NA,NA,NA,NA,NA,NA,NA,NA,NA,NA,NA,NA,NA,NA,NA,NA,NA,NA,NA,NA,NA,NA,NA,NA,NA,NA,NA,NA,NA,NA,NA,NA,NA,NA,NA,NA,NA,NA,NA,NA,NA,NA,NA,NA,NA,NA,NA,NA,NA,NA,NA,NA,NA,NA,NA,NA,NA,NA,NA,NA,NA,NA,NA,NA,NA,NA,NA
335.219,0.791724846321119,1.02089677029058,0.892816010407455,0.883310667233613,0.836145322518393,0.89721111755162,0.848346775215442,0.860979395349717,0.853482751376048,0.911297241009401,0.967441036471511,0.954674348612755,0.959317893443799,0.920830841459466,0.849531353321843,0.742143049137655,0.591118076312039,0.36518555577936,0.199914060348914,NA,NA,NA,NA,NA,NA,NA,NA,NA,NA,NA,NA,NA,NA,NA,NA,NA,NA,NA,NA,NA,NA,NA,NA,NA,NA,NA,NA,NA,NA,NA,NA,NA,NA,NA,NA,NA,NA,NA,NA,NA,NA,NA,NA,NA,NA,NA,NA,NA,NA,NA,NA,NA,NA,NA,NA,NA,NA,NA,NA,NA,NA,NA,NA,NA,NA,NA,NA,NA,NA,NA,NA,NA,NA,NA,NA,NA,NA,NA,NA,NA,NA,NA,NA,NA,NA,NA,NA,NA,NA,NA,NA,NA,NA,NA,NA,NA,NA,NA,NA
336.838,0.982378402237393,1.05408819167102,0.79960687337553,0.863717125933726,0.883745459805548,0.905455892058777,0.875897017987418,0.922316947029994,0.856484396901533,0.957819011261812,0.944313108593919,0.988250296785951,0.961683692388919,0.929801489533017,0.86288731687375,0.723589373585356,0.64151076795501,0.438867002515982,0.244461218278304,NA,NA,NA,NA,NA,NA,NA,NA,NA,NA,NA,NA,NA,NA,NA,NA,NA,NA,NA,NA,NA,NA,NA,NA,NA,NA,NA,NA,NA,NA,NA,NA,NA,NA,NA,NA,NA,NA,NA,NA,NA,NA,NA,NA,NA,NA,NA,NA,NA,NA,NA,NA,NA,NA,NA,NA,NA,NA,NA,NA,NA,NA,NA,NA,NA,NA,NA,NA,NA,NA,NA,NA,NA,NA,NA,NA,NA,NA,NA,NA,NA,NA,NA,NA,NA,NA,NA,NA,NA,NA,NA,NA,NA,NA,NA,NA,NA,NA,NA,NA
338.457,0.764606892604881,0.795765332722175,0.95818250318765,0.895115955478435,0.886116599911107,0.864433312838553,0.823017981031382,0.898773370410298,0.938620266976183,0.878543249440584,0.972370562446708,0.944621714050988,0.979274947379572,0.904657572015087,0.842957715989225,0.761277776590554,0.650300813141011,0.496679635332595,0.30613397627771,0.164569944370581,NA,NA,NA,NA,NA,NA,NA,NA,NA,NA,NA,NA,NA,NA,NA,NA,NA,NA,NA,NA,NA,NA,NA,NA,NA,NA,NA,NA,NA,NA,NA,NA,NA,NA,NA,NA,NA,NA,NA,NA,NA,NA,NA,NA,NA,NA,NA,NA,NA,NA,NA,NA,NA,NA,NA,NA,NA,NA,NA,NA,NA,NA,NA,NA,NA,NA,NA,NA,NA,NA,NA,NA,NA,NA,NA,NA,NA,NA,NA,NA,NA,NA,NA,NA,NA,NA,NA,NA,NA,NA,NA,NA,NA,NA,NA,NA,NA,NA,NA
340.077,1.0320097691993,0.992754450008236,1.031928132924,0.885817208627068,0.893675490687736,0.861425165806115,0.88240745033822,0.865545336946655,0.857226513050599,0.919237349659082,0.978344943811984,0.998373791357911,0.983814349396729,0.947328838552092,0.865233936951787,0.782320112206701,0.662335862308102,0.548840461026703,0.412878929414882,0.2219448640145,NA,NA,NA,NA,NA,NA,NA,NA,NA,NA,NA,NA,NA,NA,NA,NA,NA,NA,NA,NA,NA,NA,NA,NA,NA,NA,NA,NA,NA,NA,NA,NA,NA,NA,NA,NA,NA,NA,NA,NA,NA,NA,NA,NA,NA,NA,NA,NA,NA,NA,NA,NA,NA,NA,NA,NA,NA,NA,NA,NA,NA,NA,NA,NA,NA,NA,NA,NA,NA,NA,NA,NA,NA,NA,NA,NA,NA,NA,NA,NA,NA,NA,NA,NA,NA,NA,NA,NA,NA,NA,NA,NA,NA,NA,NA,NA,NA,NA,NA
341.697,0.930335660321853,1.12152767278944,0.780349337378387,0.872154096583863,0.923829641388293,0.858684118401084,0.926624190001858,0.870311822588802,0.882772325199334,0.889104085009237,0.921238672658654,0.941204309512853,0.958466128301302,0.949669780817664,0.880664196768048,0.793922854301671,0.686568196911887,0.580055706663555,0.468419902488644,0.302993867723254,0.194155929569465,NA,NA,NA,NA,NA,NA,NA,NA,NA,NA,NA,NA,NA,NA,NA,NA,NA,NA,NA,NA,NA,NA,NA,NA,NA,NA,NA,NA,NA,NA,NA,NA,NA,NA,NA,NA,NA,NA,NA,NA,NA,NA,NA,NA,NA,NA,NA,NA,NA,NA,NA,NA,NA,NA,NA,NA,NA,NA,NA,NA,NA,NA,NA,NA,NA,NA,NA,NA,NA,NA,NA,NA,NA,NA,NA,NA,NA,NA,NA,NA,NA,NA,NA,NA,NA,NA,NA,NA,NA,NA,NA,NA,NA,NA,NA,NA,NA,NA
343.318,0.865941349775471,0.94080145873388,0.969934612772869,0.848018208853973,0.96753392431297,0.912816680779703,0.899937521600214,0.893863397722524,0.901296833670476,0.93053301891404,0.926219436795294,0.972228680687656,0.978759834794507,0.932900600121615,0.891343160713783,0.806059714654185,0.682157068670147,0.6020205284128,0.51529567721246,0.363193951732554,0.238209023249964,NA,NA,NA,NA,NA,NA,NA,NA,NA,NA,NA,NA,NA,NA,NA,NA,NA,NA,NA,NA,NA,NA,NA,NA,NA,NA,NA,NA,NA,NA,NA,NA,NA,NA,NA,NA,NA,NA,NA,NA,NA,NA,NA,NA,NA,NA,NA,NA,NA,NA,NA,NA,NA,NA,NA,NA,NA,NA,NA,NA,NA,NA,NA,NA,NA,NA,NA,NA,NA,NA,NA,NA,NA,NA,NA,NA,NA,NA,NA,NA,NA,NA,NA,NA,NA,NA,NA,NA,NA,NA,NA,NA,NA,NA,NA,NA,NA,NA
344.94,0.802039361183251,0.983469157046597,0.883867118792143,0.880523221668995,0.874440008907924,0.949339109265641,0.899833692579252,0.818361189669111,0.870187561474546,0.916894848081966,0.937901887803338,0.936352433094281,0.955190675683123,0.912001797606321,0.877045203194519,0.789028962593176,0.708284411249313,0.616738314856836,0.519904473726731,0.449762528783581,0.291648449822404,0.215482940919588,NA,NA,NA,NA,NA,NA,NA,NA,NA,NA,NA,NA,NA,NA,NA,NA,NA,NA,NA,NA,NA,NA,NA,NA,NA,NA,NA,NA,NA,NA,NA,NA,NA,NA,NA,NA,NA,NA,NA,NA,NA,NA,NA,NA,NA,NA,NA,NA,NA,NA,NA,NA,NA,NA,NA,NA,NA,NA,NA,NA,NA,NA,NA,NA,NA,NA,NA,NA,NA,NA,NA,NA,NA,NA,NA,NA,NA,NA,NA,NA,NA,NA,NA,NA,NA,NA,NA,NA,NA,NA,NA,NA,NA,NA,NA,NA,NA
346.562,1.02300946608629,0.979127104283379,1.02951442586157,0.921792882558369,0.956670276949462,0.840011091069402,0.976257932894358,0.877588638538128,0.918725123305517,0.912368767237034,0.952304974414507,0.972482269081728,0.95259395204491,0.91595008546811,0.918281544805667,0.811081657100485,0.728645146005829,0.648399373604044,0.603827787335834,0.509272092078944,0.363889715325365,0.223591449715355,0.251121685888853,NA,NA,NA,NA,NA,NA,NA,NA,NA,NA,NA,NA,NA,NA,NA,NA,NA,NA,NA,NA,NA,NA,NA,NA,NA,NA,NA,NA,NA,NA,NA,NA,NA,NA,NA,NA,NA,NA,NA,NA,NA,NA,NA,NA,NA,NA,NA,NA,NA,NA,NA,NA,NA,NA,NA,NA,NA,NA,NA,NA,NA,NA,NA,NA,NA,NA,NA,NA,NA,NA,NA,NA,NA,NA,NA,NA,NA,NA,NA,NA,NA,NA,NA,NA,NA,NA,NA,NA,NA,NA,NA,NA,NA,NA,NA,NA
348.185,0.962494261625047,0.965412951349203,0.996088211318096,0.972067444500671,0.945123555273447,0.993813846504153,0.935570056514245,0.905338417395435,0.873196815843136,0.936116249275437,0.920126313132406,0.919330457770987,0.97291686590448,0.981129853349185,0.90995733506564,0.847343138327976,0.751644811673278,0.691181754413458,0.611376774317222,0.536782060765174,0.413523726188954,0.303616780078376,0.269534605894272,NA,NA,NA,NA,NA,NA,NA,NA,NA,NA,NA,NA,NA,NA,NA,NA,NA,NA,NA,NA,NA,NA,NA,NA,NA,NA,NA,NA,NA,NA,NA,NA,NA,NA,NA,NA,NA,NA,NA,NA,NA,NA,NA,NA,NA,NA,NA,NA,NA,NA,NA,NA,NA,NA,NA,NA,NA,NA,NA,NA,NA,NA,NA,NA,NA,NA,NA,NA,NA,NA,NA,NA,NA,NA,NA,NA,NA,NA,NA,NA,NA,NA,NA,NA,NA,NA,NA,NA,NA,NA,NA,NA,NA,NA,NA,NA
349.808,1.01756152988466,1.26302222079013,1.01217907751489,1.04634886038673,0.963666288015788,0.969674945298471,0.978146384971362,0.97148694132364,0.954831474963759,0.927576161256666,0.968185031020414,0.944678551905878,0.96179770563533,0.933646375244517,0.881870332723481,0.850456228686598,0.760465331383494,0.691585314690618,0.648013719751537,0.54841662220744,0.504554270408207,0.379427225255368,0.305651292304052,0.285720273844209,NA,NA,NA,NA,NA,NA,NA,NA,NA,NA,NA,NA,NA,NA,NA,NA,NA,NA,NA,NA,NA,NA,NA,NA,NA,NA,NA,NA,NA,NA,NA,NA,NA,NA,NA,NA,NA,NA,NA,NA,NA,NA,NA,NA,NA,NA,NA,NA,NA,NA,NA,NA,NA,NA,NA,NA,NA,NA,NA,NA,NA,NA,NA,NA,NA,NA,NA,NA,NA,NA,NA,NA,NA,NA,NA,NA,NA,NA,NA,NA,NA,NA,NA,NA,NA,NA,NA,NA,NA,NA,NA,NA,NA,NA,NA
351.432,0.981357568371644,0.893265793103215,0.99591232926876,0.996875132341772,1.04521052481938,1.03390998705198,0.949106429024157,0.967060713237801,0.923702567234609,0.962384494066598,0.960048549447962,0.972843984835834,0.96636041421335,0.943910563843213,0.910088306283034,0.864760090982871,0.782023099890205,0.743926194652502,0.682682488262074,0.615613153069645,0.558100190258469,0.470302799496016,0.364471686960271,0.310409152523814,NA,NA,NA,NA,NA,NA,NA,NA,NA,NA,NA,NA,NA,NA,NA,NA,NA,NA,NA,NA,NA,NA,NA,NA,NA,NA,NA,NA,NA,NA,NA,NA,NA,NA,NA,NA,NA,NA,NA,NA,NA,NA,NA,NA,NA,NA,NA,NA,NA,NA,NA,NA,NA,NA,NA,NA,NA,NA,NA,NA,NA,NA,NA,NA,NA,NA,NA,NA,NA,NA,NA,NA,NA,NA,NA,NA,NA,NA,NA,NA,NA,NA,NA,NA,NA,NA,NA,NA,NA,NA,NA,NA,NA,NA,NA
353.056,1.36316506260427,0.95940901052297,0.970141740414213,1.01664043924988,1.0851780259841,1.04897402693493,0.993807074593382,0.945295754421258,0.976263190419583,0.974635164797772,0.945869477700976,0.982155253368731,0.960338714807231,0.943095392622198,0.955869303106183,0.881904256832133,0.824540159335471,0.770315782607895,0.693950874280297,0.654758989704158,0.58500574827272,0.525132710284702,0.42077336842003,0.362722011202129,0.331521001630588,NA,NA,NA,NA,NA,NA,NA,NA,NA,NA,NA,NA,NA,NA,NA,NA,NA,NA,NA,NA,NA,NA,NA,NA,NA,NA,NA,NA,NA,NA,NA,NA,NA,NA,NA,NA,NA,NA,NA,NA,NA,NA,NA,NA,NA,NA,NA,NA,NA,NA,NA,NA,NA,NA,NA,NA,NA,NA,NA,NA,NA,NA,NA,NA,NA,NA,NA,NA,NA,NA,NA,NA,NA,NA,NA,NA,NA,NA,NA,NA,NA,NA,NA,NA,NA,NA,NA,NA,NA,NA,NA,NA,NA,NA
354.681,1.31350037762772,0.943418465067535,1.03445881381909,1.09449283374134,1.00715747968695,1.03825257688625,0.974390718450701,1.01482674751943,0.999664479719309,0.95725025446171,0.998570890163531,1.01119173871778,0.979055715285254,0.980065821978527,0.961082809690373,0.894085296478709,0.835854327252221,0.789575645777197,0.710765610071345,0.684477008053857,0.645588039623024,0.575877444585465,0.492390030993651,0.385787170045884,0.353256912841842,NA,NA,NA,NA,NA,NA,NA,NA,NA,NA,NA,NA,NA,NA,NA,NA,NA,NA,NA,NA,NA,NA,NA,NA,NA,NA,NA,NA,NA,NA,NA,NA,NA,NA,NA,NA,NA,NA,NA,NA,NA,NA,NA,NA,NA,NA,NA,NA,NA,NA,NA,NA,NA,NA,NA,NA,NA,NA,NA,NA,NA,NA,NA,NA,NA,NA,NA,NA,NA,NA,NA,NA,NA,NA,NA,NA,NA,NA,NA,NA,NA,NA,NA,NA,NA,NA,NA,NA,NA,NA,NA,NA,NA,NA
356.306,0.914391433939926,1.12315480092462,1.1714336882404,1.11860084456193,1.16059806476665,1.10562552702453,0.970891539955943,1.04447121331078,1.00818721580406,1.01540715523064,1.00914994315446,1.01710066328954,1.00413713146107,0.964202448439967,0.938134226189924,0.894012439992438,0.838888627886837,0.80544547176412,0.760503376355247,0.71046475770881,0.652305412828309,0.604155662159628,0.534400163845104,0.4425029162381,0.373351993132451,0.39325116526528,NA,NA,NA,NA,NA,NA,NA,NA,NA,NA,NA,NA,NA,NA,NA,NA,NA,NA,NA,NA,NA,NA,NA,NA,NA,NA,NA,NA,NA,NA,NA,NA,NA,NA,NA,NA,NA,NA,NA,NA,NA,NA,NA,NA,NA,NA,NA,NA,NA,NA,NA,NA,NA,NA,NA,NA,NA,NA,NA,NA,NA,NA,NA,NA,NA,NA,NA,NA,NA,NA,NA,NA,NA,NA,NA,NA,NA,NA,NA,NA,NA,NA,NA,NA,NA,NA,NA,NA,NA,NA,NA,NA,NA
357.932,1.28170942470075,1.11573290588349,1.07188269214626,1.1438239488648,1.10081530342796,1.06613058427999,1.02234199777106,1.03657255399485,1.01532944412919,0.954032661409635,1.02242473131491,0.982850581889488,0.997269378803998,0.960235887335375,0.965663200662063,0.920740500762092,0.870624883712289,0.831693220332233,0.794935872690878,0.739426712816184,0.707328699921939,0.660511860646892,0.594456265493763,0.503835926371659,0.406356760311254,0.401761962301782,0.434617751154135,NA,NA,NA,NA,NA,NA,NA,NA,NA,NA,NA,NA,NA,NA,NA,NA,NA,NA,NA,NA,NA,NA,NA,NA,NA,NA,NA,NA,NA,NA,NA,NA,NA,NA,NA,NA,NA,NA,NA,NA,NA,NA,NA,NA,NA,NA,NA,NA,NA,NA,NA,NA,NA,NA,NA,NA,NA,NA,NA,NA,NA,NA,NA,NA,NA,NA,NA,NA,NA,NA,NA,NA,NA,NA,NA,NA,NA,NA,NA,NA,NA,NA,NA,NA,NA,NA,NA,NA,NA,NA,NA,NA
359.558,0.995511573417468,1.15283239502457,1.03584809102998,1.03073471625028,1.06446626169058,1.20620239829796,1.0745325489187,1.0246812002341,1.0430200066709,1.02183890947749,0.99693032933014,1.01873579085069,1.01969955519865,0.990433755992443,0.992008058156498,0.942265222019136,0.890629094181584,0.858495318283878,0.817579994436906,0.767588629009336,0.725621935641725,0.709447276249814,0.630023341698835,0.553451808897507,0.455463900116274,0.441247416397148,0.431262585364483,NA,NA,NA,NA,NA,NA,NA,NA,NA,NA,NA,NA,NA,NA,NA,NA,NA,NA,NA,NA,NA,NA,NA,NA,NA,NA,NA,NA,NA,NA,NA,NA,NA,NA,NA,NA,NA,NA,NA,NA,NA,NA,NA,NA,NA,NA,NA,NA,NA,NA,NA,NA,NA,NA,NA,NA,NA,NA,NA,NA,NA,NA,NA,NA,NA,NA,NA,NA,NA,NA,NA,NA,NA,NA,NA,NA,NA,NA,NA,NA,NA,NA,NA,NA,NA,NA,NA,NA,NA,NA,NA,NA
361.185,1.54771900838783,1.24204502270106,1.12543276731514,1.26694833178012,1.18430609165114,1.16339862725582,1.10482743251326,1.08738758380261,1.03208862558347,0.988012486339038,1.03129016261468,1.04739026868738,1.00000336202355,1.02100628184776,0.991169753309198,0.944041708504173,0.925451706695448,0.863706369746771,0.841744210939418,0.790664322134434,0.78013502319378,0.730397486185295,0.676550753360538,0.62312201352235,0.530851758255358,0.458412238852462,0.471779610872025,0.460537715010307,NA,NA,NA,NA,NA,NA,NA,NA,NA,NA,NA,NA,NA,NA,NA,NA,NA,NA,NA,NA,NA,NA,NA,NA,NA,NA,NA,NA,NA,NA,NA,NA,NA,NA,NA,NA,NA,NA,NA,NA,NA,NA,NA,NA,NA,NA,NA,NA,NA,NA,NA,NA,NA,NA,NA,NA,NA,NA,NA,NA,NA,NA,NA,NA,NA,NA,NA,NA,NA,NA,NA,NA,NA,NA,NA,NA,NA,NA,NA,NA,NA,NA,NA,NA,NA,NA,NA,NA,NA,NA,NA
362.813,1.22095717185931,1.22578448606322,1.17088425538449,1.1193272845525,1.15871805757357,1.13626844466693,1.05280348547438,1.20972138380371,1.06513941194118,1.02567335210813,1.03844042553835,1.08404685607126,1.03790942169272,1.05168094234081,1.0361359377028,0.996602278804232,0.937998502103019,0.905986312972946,0.888670783524802,0.853231334464755,0.786012217232041,0.780271161429858,0.724395045697067,0.671444794633164,0.605849614983941,0.501011072843634,0.465580750230979,0.489917351485354,NA,NA,NA,NA,NA,NA,NA,NA,NA,NA,NA,NA,NA,NA,NA,NA,NA,NA,NA,NA,NA,NA,NA,NA,NA,NA,NA,NA,NA,NA,NA,NA,NA,NA,NA,NA,NA,NA,NA,NA,NA,NA,NA,NA,NA,NA,NA,NA,NA,NA,NA,NA,NA,NA,NA,NA,NA,NA,NA,NA,NA,NA,NA,NA,NA,NA,NA,NA,NA,NA,NA,NA,NA,NA,NA,NA,NA,NA,NA,NA,NA,NA,NA,NA,NA,NA,NA,NA,NA,NA,NA
364.441,1.31103531032797,1.30338649303387,1.31475254355192,1.28100043582386,1.31813961691172,1.20081156900596,1.13373997979625,1.17389539651863,1.13161359166011,1.10273147416795,1.10380542810703,1.03791308780048,1.05842196004003,1.05847368402264,1.03114167579768,1.02771097582943,0.983041435757632,0.938161505872102,0.905363616230635,0.898700361480631,0.829269507445776,0.79642534169994,0.749080012161129,0.704248504225026,0.652938281248621,0.545668377261009,0.514300530100099,0.500004324788895,0.512128992889288,NA,NA,NA,NA,NA,NA,NA,NA,NA,NA,NA,NA,NA,NA,NA,NA,NA,NA,NA,NA,NA,NA,NA,NA,NA,NA,NA,NA,NA,NA,NA,NA,NA,NA,NA,NA,NA,NA,NA,NA,NA,NA,NA,NA,NA,NA,NA,NA,NA,NA,NA,NA,NA,NA,NA,NA,NA,NA,NA,NA,NA,NA,NA,NA,NA,NA,NA,NA,NA,NA,NA,NA,NA,NA,NA,NA,NA,NA,NA,NA,NA,NA,NA,NA,NA,NA,NA,NA,NA,NA
366.07,1.30815159053381,1.21267837103953,1.38118644949082,1.23504080920778,1.27309110729713,1.29221284309514,1.25307230670833,1.17125333985158,1.22066703090604,1.09503691913442,1.1073713881805,1.1313917530911,1.05833476668461,1.07440619039526,1.0643818437753,1.04612102053516,1.02852189087653,0.922306754711696,0.944417820902549,0.924821131794259,0.877265679984357,0.844183255366081,0.811014164671284,0.764648166885446,0.707660945460163,0.618703861697384,0.554155567889492,0.534998093286882,0.531576069781286,NA,NA,NA,NA,NA,NA,NA,NA,NA,NA,NA,NA,NA,NA,NA,NA,NA,NA,NA,NA,NA,NA,NA,NA,NA,NA,NA,NA,NA,NA,NA,NA,NA,NA,NA,NA,NA,NA,NA,NA,NA,NA,NA,NA,NA,NA,NA,NA,NA,NA,NA,NA,NA,NA,NA,NA,NA,NA,NA,NA,NA,NA,NA,NA,NA,NA,NA,NA,NA,NA,NA,NA,NA,NA,NA,NA,NA,NA,NA,NA,NA,NA,NA,NA,NA,NA,NA,NA,NA,NA
367.699,1.66575910969207,1.35491068179893,1.39905639313108,1.33810905653284,1.35392936081919,1.28857893702463,1.29134045977167,1.18553977132787,1.19052325808429,1.19305999923906,1.14372122322887,1.12548497781854,1.11789412845594,1.14166689960765,1.07516084787389,1.06457360582172,1.04075651897674,1.01535526919168,0.979001539882346,0.967523223016003,0.942375007184123,0.898195452648829,0.858238542742389,0.809637961380582,0.770463853728464,0.703262525296557,0.603791501967515,0.549195323241498,0.560008493331502,0.53562027177707,NA,NA,NA,NA,NA,NA,NA,NA,NA,NA,NA,NA,NA,NA,NA,NA,NA,NA,NA,NA,NA,NA,NA,NA,NA,NA,NA,NA,NA,NA,NA,NA,NA,NA,NA,NA,NA,NA,NA,NA,NA,NA,NA,NA,NA,NA,NA,NA,NA,NA,NA,NA,NA,NA,NA,NA,NA,NA,NA,NA,NA,NA,NA,NA,NA,NA,NA,NA,NA,NA,NA,NA,NA,NA,NA,NA,NA,NA,NA,NA,NA,NA,NA,NA,NA,NA,NA,NA,NA
369.328,1.76389405705525,1.44631726913643,1.48194740492801,1.4428318634426,1.41764408536592,1.34338424609065,1.25813477527282,1.2493770632652,1.23789834233031,1.20977977867365,1.21791802329341,1.18550887128689,1.12669999224626,1.16107392282202,1.1385054140312,1.11856563179176,1.09755180606529,1.06792315599051,1.02124147809346,1.01622147215658,0.981792824380995,0.937058488956125,0.904315641028398,0.87816511125077,0.823036204135572,0.754809504672156,0.679045138534225,0.625891397026808,0.582748706073798,0.580966794926737,0.559002933402621,NA,NA,NA,NA,NA,NA,NA,NA,NA,NA,NA,NA,NA,NA,NA,NA,NA,NA,NA,NA,NA,NA,NA,NA,NA,NA,NA,NA,NA,NA,NA,NA,NA,NA,NA,NA,NA,NA,NA,NA,NA,NA,NA,NA,NA,NA,NA,NA,NA,NA,NA,NA,NA,NA,NA,NA,NA,NA,NA,NA,NA,NA,NA,NA,NA,NA,NA,NA,NA,NA,NA,NA,NA,NA,NA,NA,NA,NA,NA,NA,NA,NA,NA,NA,NA,NA,NA,NA
370.959,1.41874998597362,1.4382592766094,1.32448773965743,1.4065238807032,1.52291974580125,1.37924577609657,1.34783512925625,1.27392858968045,1.25461863504335,1.26821419548343,1.17539364994464,1.23978212482964,1.17932578375954,1.14763635106041,1.19785807860227,1.16387660085736,1.12182752023799,1.11836832041835,1.10540827537093,1.07513913394327,1.06411065514578,0.997625199310414,0.966737197724183,0.931000543354227,0.880514164466434,0.814833775014044,0.736961969622982,0.674994633145331,0.638172275704201,0.592909029915915,0.578238240924294,NA,NA,NA,NA,NA,NA,NA,NA,NA,NA,NA,NA,NA,NA,NA,NA,NA,NA,NA,NA,NA,NA,NA,NA,NA,NA,NA,NA,NA,NA,NA,NA,NA,NA,NA,NA,NA,NA,NA,NA,NA,NA,NA,NA,NA,NA,NA,NA,NA,NA,NA,NA,NA,NA,NA,NA,NA,NA,NA,NA,NA,NA,NA,NA,NA,NA,NA,NA,NA,NA,NA,NA,NA,NA,NA,NA,NA,NA,NA,NA,NA,NA,NA,NA,NA,NA,NA,NA
372.589,1.85606732103391,1.60180266713428,1.69646512348953,1.48103720477361,1.61229445232816,1.50810924895873,1.46438183761132,1.42798018238989,1.34597906400982,1.30502655419007,1.27595379777003,1.26609368288212,1.24298771265837,1.23106287358437,1.2329880202634,1.19411860412867,1.19306820574474,1.15466779003249,1.14244232905186,1.14534508051546,1.11499769472311,1.07409566196684,1.01587493585947,0.976597330973232,0.949643927776943,0.893269253700959,0.81374411010256,0.724666138623167,0.670500135179613,0.63798849516446,0.615025334824133,0.574729364531652,NA,NA,NA,NA,NA,NA,NA,NA,NA,NA,NA,NA,NA,NA,NA,NA,NA,NA,NA,NA,NA,NA,NA,NA,NA,NA,NA,NA,NA,NA,NA,NA,NA,NA,NA,NA,NA,NA,NA,NA,NA,NA,NA,NA,NA,NA,NA,NA,NA,NA,NA,NA,NA,NA,NA,NA,NA,NA,NA,NA,NA,NA,NA,NA,NA,NA,NA,NA,NA,NA,NA,NA,NA,NA,NA,NA,NA,NA,NA,NA,NA,NA,NA,NA,NA,NA,NA
374.221,1.70904236195702,1.69159350783497,1.74691304315306,1.74912314265074,1.61473006119095,1.47565143319863,1.56649042478922,1.46602673901312,1.40239178350902,1.36410297252497,1.30760778730157,1.30337794912523,1.29433340930006,1.28716099777674,1.29092359712754,1.25469578741727,1.24297318560476,1.24909805617328,1.21285587282395,1.19639663906678,1.17597571774232,1.15905393778808,1.09795522491595,1.03839988901555,1.00128187751007,0.942788922175196,0.902837560207577,0.814636212163037,0.74247036211037,0.691128381174005,0.658883281753914,0.630691870692666,NA,NA,NA,NA,NA,NA,NA,NA,NA,NA,NA,NA,NA,NA,NA,NA,NA,NA,NA,NA,NA,NA,NA,NA,NA,NA,NA,NA,NA,NA,NA,NA,NA,NA,NA,NA,NA,NA,NA,NA,NA,NA,NA,NA,NA,NA,NA,NA,NA,NA,NA,NA,NA,NA,NA,NA,NA,NA,NA,NA,NA,NA,NA,NA,NA,NA,NA,NA,NA,NA,NA,NA,NA,NA,NA,NA,NA,NA,NA,NA,NA,NA,NA,NA,NA,NA,NA
375.852,1.92945187287046,1.83311667475121,1.77460983721573,1.76036612163769,1.6321999762021,1.72552767049741,1.56286734391879,1.5255971774955,1.50320944357468,1.43184826946539,1.38125846592562,1.3690440164015,1.34320320531648,1.31989141144139,1.35400736572336,1.31827048037647,1.30773421812551,1.30761634026608,1.26124462339079,1.27457656832267,1.2284299570782,1.20313620394659,1.16018948427207,1.1230183321585,1.06486270677842,1.02529944962518,0.953048106431293,0.88018378720004,0.812531979975429,0.725346266772699,0.680168217290447,0.686024090314509,0.62497879894193,NA,NA,NA,NA,NA,NA,NA,NA,NA,NA,NA,NA,NA,NA,NA,NA,NA,NA,NA,NA,NA,NA,NA,NA,NA,NA,NA,NA,NA,NA,NA,NA,NA,NA,NA,NA,NA,NA,NA,NA,NA,NA,NA,NA,NA,NA,NA,NA,NA,NA,NA,NA,NA,NA,NA,NA,NA,NA,NA,NA,NA,NA,NA,NA,NA,NA,NA,NA,NA,NA,NA,NA,NA,NA,NA,NA,NA,NA,NA,NA,NA,NA,NA,NA,NA,NA
377.485,2.02591821909941,1.99468504192906,1.85030750747024,1.78200378121128,1.77625276869967,1.68951173102252,1.63602270903256,1.61106826218074,1.50747593495755,1.49640532967502,1.44936697489646,1.42793114307812,1.39565451457286,1.41028455495038,1.3668844428346,1.38503628056622,1.3785875432011,1.36521805569273,1.34061246616522,1.34920057831942,1.33135612041505,1.29749394769403,1.24168728528416,1.18688019859106,1.14103736456079,1.08528508162438,1.04147576688223,0.964775087934778,0.886176500094708,0.787484174299196,0.739636010503532,0.716369864031755,0.662428699629517,NA,NA,NA,NA,NA,NA,NA,NA,NA,NA,NA,NA,NA,NA,NA,NA,NA,NA,NA,NA,NA,NA,NA,NA,NA,NA,NA,NA,NA,NA,NA,NA,NA,NA,NA,NA,NA,NA,NA,NA,NA,NA,NA,NA,NA,NA,NA,NA,NA,NA,NA,NA,NA,NA,NA,NA,NA,NA,NA,NA,NA,NA,NA,NA,NA,NA,NA,NA,NA,NA,NA,NA,NA,NA,NA,NA,NA,NA,NA,NA,NA,NA,NA,NA,NA,NA
379.117,2.38785654503244,1.87008488782918,1.89684269662485,1.82911768907513,1.83692199169382,1.79173061264915,1.6762527306681,1.74572499738591,1.55002901376685,1.52559557264558,1.49377837591242,1.45491151453356,1.42004869145225,1.42323237600646,1.45613987957587,1.45200024048901,1.40788506942728,1.39640281215897,1.40301266175418,1.42317347886344,1.39680404562369,1.35386913612216,1.31030678432896,1.25521038894257,1.20479218627173,1.14954391611068,1.08366981457687,1.01427252051909,0.955508727118804,0.863410226446267,0.773435574016962,0.738763591619097,0.702956989359381,0.630895453230085,NA,NA,NA,NA,NA,NA,NA,NA,NA,NA,NA,NA,NA,NA,NA,NA,NA,NA,NA,NA,NA,NA,NA,NA,NA,NA,NA,NA,NA,NA,NA,NA,NA,NA,NA,NA,NA,NA,NA,NA,NA,NA,NA,NA,NA,NA,NA,NA,NA,NA,NA,NA,NA,NA,NA,NA,NA,NA,NA,NA,NA,NA,NA,NA,NA,NA,NA,NA,NA,NA,NA,NA,NA,NA,NA,NA,NA,NA,NA,NA,NA,NA,NA,NA,NA
380.751,2.152493192621,2.10678756960504,2.12287867900189,2.0029002187494,1.94113881527856,1.93750129934937,1.82831678519013,1.69689066255659,1.64763247733812,1.61467561261973,1.53761711852009,1.55742109325393,1.52177758641136,1.50286873294128,1.47501064363759,1.49334062691876,1.50158861062934,1.49089045390786,1.49972072221903,1.48741881850114,1.47760089178038,1.42873039889202,1.40210920339429,1.34259850998852,1.28008783695481,1.22119308813833,1.152489278399,1.08552175678197,1.03444682334356,0.953742064622621,0.860299983022132,0.801641247635952,0.744801446732226,0.672309416396096,0.602053662913785,NA,NA,NA,NA,NA,NA,NA,NA,NA,NA,NA,NA,NA,NA,NA,NA,NA,NA,NA,NA,NA,NA,NA,NA,NA,NA,NA,NA,NA,NA,NA,NA,NA,NA,NA,NA,NA,NA,NA,NA,NA,NA,NA,NA,NA,NA,NA,NA,NA,NA,NA,NA,NA,NA,NA,NA,NA,NA,NA,NA,NA,NA,NA,NA,NA,NA,NA,NA,NA,NA,NA,NA,NA,NA,NA,NA,NA,NA,NA,NA,NA,NA,NA,NA
382.384,2.04367696099554,2.02603951047178,2.13677053206529,2.07237833182798,2.09767578787528,2.05150733289535,1.91730964093699,1.87219726752934,1.75038507144877,1.69143960173208,1.6643486635126,1.61447504852191,1.56966407490641,1.60195117947276,1.59399011193046,1.58056196014176,1.56598777678891,1.58420165177496,1.58621328560626,1.56581684159582,1.57937566059403,1.54637153055915,1.49967890424791,1.43818018792606,1.35794365155661,1.32057847375434,1.2384893486888,1.17533794007898,1.10022266425935,1.00410615690495,0.926288595353014,0.861028001035571,0.805910785164278,0.723042915119193,0.638359594803678,NA,NA,NA,NA,NA,NA,NA,NA,NA,NA,NA,NA,NA,NA,NA,NA,NA,NA,NA,NA,NA,NA,NA,NA,NA,NA,NA,NA,NA,NA,NA,NA,NA,NA,NA,NA,NA,NA,NA,NA,NA,NA,NA,NA,NA,NA,NA,NA,NA,NA,NA,NA,NA,NA,NA,NA,NA,NA,NA,NA,NA,NA,NA,NA,NA,NA,NA,NA,NA,NA,NA,NA,NA,NA,NA,NA,NA,NA,NA,NA,NA,NA,NA,NA
384.019,2.6081985700333,2.48527472573409,2.31602973106783,2.1574525403913,2.21232788578783,2.07963585404473,1.93590753684113,1.87859807254228,1.83924970301702,1.73760176847221,1.6708509631036,1.65656509812959,1.60523102671394,1.63133507649175,1.64424192079272,1.6427499229722,1.63223766888989,1.64083633206875,1.64936407382292,1.66489032301615,1.6621865344407,1.61449742938258,1.57586932212937,1.53208395427328,1.4417104317281,1.37708309521837,1.32161778774589,1.25105086733801,1.17793480882341,1.08727968433895,0.987654597813926,0.907435301740117,0.847962077864377,0.762648138767055,0.695390865161157,0.602296639645069,NA,NA,NA,NA,NA,NA,NA,NA,NA,NA,NA,NA,NA,NA,NA,NA,NA,NA,NA,NA,NA,NA,NA,NA,NA,NA,NA,NA,NA,NA,NA,NA,NA,NA,NA,NA,NA,NA,NA,NA,NA,NA,NA,NA,NA,NA,NA,NA,NA,NA,NA,NA,NA,NA,NA,NA,NA,NA,NA,NA,NA,NA,NA,NA,NA,NA,NA,NA,NA,NA,NA,NA,NA,NA,NA,NA,NA,NA,NA,NA,NA,NA,NA
385.654,2.57360688711186,2.32651198402205,2.44672116476499,2.35001129460809,2.29506589964471,2.21444625195377,2.04336158151244,1.97545127852845,1.8800709624503,1.88234437054334,1.79128174299185,1.74598847198216,1.72534254799913,1.68548653876724,1.72726664077003,1.71768356892337,1.71003773207769,1.71573721376087,1.75722309023449,1.7611854216318,1.75049001705777,1.69949327625844,1.66498548309975,1.6311824094998,1.53868735590927,1.47051260810992,1.3671973667811,1.32829389594204,1.23920956250949,1.14407170205042,1.0819486028552,0.981926187334348,0.914882986511528,0.79898507959033,0.743934315585664,0.64013146043745,NA,NA,NA,NA,NA,NA,NA,NA,NA,NA,NA,NA,NA,NA,NA,NA,NA,NA,NA,NA,NA,NA,NA,NA,NA,NA,NA,NA,NA,NA,NA,NA,NA,NA,NA,NA,NA,NA,NA,NA,NA,NA,NA,NA,NA,NA,NA,NA,NA,NA,NA,NA,NA,NA,NA,NA,NA,NA,NA,NA,NA,NA,NA,NA,NA,NA,NA,NA,NA,NA,NA,NA,NA,NA,NA,NA,NA,NA,NA,NA,NA,NA,NA
387.289,2.92656997069211,2.80465319402055,2.4832982352414,2.4072732154418,2.24939053537761,2.20471447824977,2.10554190420492,2.04523245469851,1.95206116611045,1.91411507175074,1.83653521636846,1.82256387752478,1.74528006064325,1.77085719939685,1.79398358008513,1.7872762460751,1.81743740141199,1.79845929577498,1.812926108245,1.82008115202946,1.82680240202823,1.79345654952626,1.77131290483942,1.6935863839997,1.62774808311252,1.52112535117145,1.4661387555503,1.38280656229494,1.30628781533415,1.22517258411154,1.14330158649782,1.03919198181641,0.9391247444278,0.861369550305218,0.789844041424625,0.680163620256554,0.60191777523225,NA,NA,NA,NA,NA,NA,NA,NA,NA,NA,NA,NA,NA,NA,NA,NA,NA,NA,NA,NA,NA,NA,NA,NA,NA,NA,NA,NA,NA,NA,NA,NA,NA,NA,NA,NA,NA,NA,NA,NA,NA,NA,NA,NA,NA,NA,NA,NA,NA,NA,NA,NA,NA,NA,NA,NA,NA,NA,NA,NA,NA,NA,NA,NA,NA,NA,NA,NA,NA,NA,NA,NA,NA,NA,NA,NA,NA,NA,NA,NA,NA,NA
388.925,2.97716551876898,2.60606849849585,2.5485174813219,2.55203300208436,2.41156622885633,2.3212515169625,2.24075826448165,2.139718025959,1.99295586550453,1.92336741890827,1.86919041111397,1.85693049805828,1.80602210372063,1.82869916640191,1.81665183776858,1.83379750950341,1.8637885368668,1.87443454080798,1.88691723998988,1.94873730445642,1.89778422408964,1.87014196656101,1.83904403186026,1.77198378435822,1.6913885263183,1.62169929510321,1.53278214537312,1.44525232373478,1.36934294046105,1.28385830466803,1.20963306008002,1.12425961659705,1.00005889512131,0.920263536549389,0.81419461436544,0.745071001957125,0.638813571595135,NA,NA,NA,NA,NA,NA,NA,NA,NA,NA,NA,NA,NA,NA,NA,NA,NA,NA,NA,NA,NA,NA,NA,NA,NA,NA,NA,NA,NA,NA,NA,NA,NA,NA,NA,NA,NA,NA,NA,NA,NA,NA,NA,NA,NA,NA,NA,NA,NA,NA,NA,NA,NA,NA,NA,NA,NA,NA,NA,NA,NA,NA,NA,NA,NA,NA,NA,NA,NA,NA,NA,NA,NA,NA,NA,NA,NA,NA,NA,NA,NA,NA
390.561,3.2609607205424,2.83273361095329,2.69420756731711,2.63106369061043,2.48857046549461,2.40347522103281,2.22611734560388,2.17170050074484,2.083715144488,2.00252934320858,1.9640972920025,1.86130185605368,1.87046040513875,1.82997317389834,1.88789270154201,1.93049547391807,1.90132133403103,1.92486344475713,1.92672634941983,1.96932925901701,1.97180232853475,1.93974936667761,1.90424400312848,1.81849161660096,1.77403845417984,1.67762506441344,1.58808594323203,1.52624451600528,1.41792050732988,1.35145647593254,1.26968753627995,1.17136014289359,1.06966331110852,0.95808871607494,0.869193856925149,0.77139055550953,0.677995543525466,0.594249391718673,NA,NA,NA,NA,NA,NA,NA,NA,NA,NA,NA,NA,NA,NA,NA,NA,NA,NA,NA,NA,NA,NA,NA,NA,NA,NA,NA,NA,NA,NA,NA,NA,NA,NA,NA,NA,NA,NA,NA,NA,NA,NA,NA,NA,NA,NA,NA,NA,NA,NA,NA,NA,NA,NA,NA,NA,NA,NA,NA,NA,NA,NA,NA,NA,NA,NA,NA,NA,NA,NA,NA,NA,NA,NA,NA,NA,NA,NA,NA,NA,NA
392.198,2.95536840844142,2.9391075307315,2.73359379720243,2.71620611969325,2.49066143729788,2.47998500021299,2.43805859227914,2.22478139121939,2.14121386497118,2.03337797240501,2.01083430266154,1.92851363717254,1.95092636990482,1.91543170032356,1.97742409686065,1.96995787133499,1.99118344696756,2.01172971389012,2.03473949230271,2.06836387636839,2.08953165836681,2.03815682997348,2.00082317256738,1.93359863503301,1.84328449902972,1.75963403661241,1.68469002260152,1.61058300110517,1.51580853314017,1.41925693746187,1.35552105250792,1.22791850754512,1.13947990764638,1.00745885068669,0.911079998560417,0.818984955122411,0.73644032887799,0.638265588295664,0.559614207357713,NA,NA,NA,NA,NA,NA,NA,NA,NA,NA,NA,NA,NA,NA,NA,NA,NA,NA,NA,NA,NA,NA,NA,NA,NA,NA,NA,NA,NA,NA,NA,NA,NA,NA,NA,NA,NA,NA,NA,NA,NA,NA,NA,NA,NA,NA,NA,NA,NA,NA,NA,NA,NA,NA,NA,NA,NA,NA,NA,NA,NA,NA,NA,NA,NA,NA,NA,NA,NA,NA,NA,NA,NA,NA,NA,NA,NA,NA,NA,NA
393.835,3.43459798023966,2.88943728994087,2.83855763556506,2.78504289355093,2.6878239470451,2.5415363632038,2.47254436284184,2.35730634816464,2.23889451102441,2.1043590570945,2.10730985535064,2.02753479063603,1.9794360246965,1.99500494113992,2.02308456012902,2.05417537998264,2.07743389148991,2.1030194390309,2.1517295054629,2.13459063218693,2.16568633686879,2.15194042600219,2.07088918121959,2.02364770534615,1.94002067115285,1.84669606488121,1.76448349265339,1.65424155098967,1.59370312458322,1.4753977594454,1.41998658087808,1.30780456281641,1.20707555177688,1.07165777471921,0.980271740470375,0.856307967862402,0.779279593043185,0.695540493299611,0.613312776859061,NA,NA,NA,NA,NA,NA,NA,NA,NA,NA,NA,NA,NA,NA,NA,NA,NA,NA,NA,NA,NA,NA,NA,NA,NA,NA,NA,NA,NA,NA,NA,NA,NA,NA,NA,NA,NA,NA,NA,NA,NA,NA,NA,NA,NA,NA,NA,NA,NA,NA,NA,NA,NA,NA,NA,NA,NA,NA,NA,NA,NA,NA,NA,NA,NA,NA,NA,NA,NA,NA,NA,NA,NA,NA,NA,NA,NA,NA,NA,NA
395.473,3.40395541866737,3.09440331351154,2.98678011971356,2.91477422330052,2.81866546086474,2.66877138873993,2.54601149371905,2.40736051793946,2.32308643297755,2.24635527414498,2.13882331792301,2.09815449998457,2.07090738307456,2.08708794316946,2.08059419759154,2.11313934965555,2.15054591368556,2.15273796852063,2.21334537652307,2.20950212211521,2.21925493613391,2.23752531696852,2.19132376406465,2.11331432742475,2.02708474526343,1.9628284693949,1.83998086102165,1.7547895929406,1.66806436481925,1.55944999799605,1.50137415806734,1.38729380754656,1.28592813661779,1.17233448490455,1.00393478896368,0.910369240731075,0.834852814418412,0.743342216023918,0.649397982218793,0.568294101091214,NA,NA,NA,NA,NA,NA,NA,NA,NA,NA,NA,NA,NA,NA,NA,NA,NA,NA,NA,NA,NA,NA,NA,NA,NA,NA,NA,NA,NA,NA,NA,NA,NA,NA,NA,NA,NA,NA,NA,NA,NA,NA,NA,NA,NA,NA,NA,NA,NA,NA,NA,NA,NA,NA,NA,NA,NA,NA,NA,NA,NA,NA,NA,NA,NA,NA,NA,NA,NA,NA,NA,NA,NA,NA,NA,NA,NA,NA,NA
397.111,3.22303155488982,3.29242633998784,3.13467928385456,2.98949674396256,2.78656663074849,2.68317495329011,2.61083746526354,2.4562384273678,2.31850158708423,2.23490093183222,2.17162628287173,2.16708335300029,2.10045797612686,2.09852157754809,2.14882310942481,2.16289114297896,2.21912679983628,2.26185032753508,2.29725577529639,2.32367751557184,2.30438107977193,2.31309135629736,2.25589890799048,2.18494793577322,2.09010789788136,2.03672547665436,1.92659406457869,1.82649312210173,1.71531988236655,1.6097464123639,1.52940847900082,1.45013784664745,1.33106719814886,1.195802301401,1.08540984115115,0.956680842638641,0.874617780803952,0.787564288999458,0.707245992802427,0.625088101446038,NA,NA,NA,NA,NA,NA,NA,NA,NA,NA,NA,NA,NA,NA,NA,NA,NA,NA,NA,NA,NA,NA,NA,NA,NA,NA,NA,NA,NA,NA,NA,NA,NA,NA,NA,NA,NA,NA,NA,NA,NA,NA,NA,NA,NA,NA,NA,NA,NA,NA,NA,NA,NA,NA,NA,NA,NA,NA,NA,NA,NA,NA,NA,NA,NA,NA,NA,NA,NA,NA,NA,NA,NA,NA,NA,NA,NA,NA,NA
398.75,3.48015796141316,3.28624884740366,3.33426837408987,3.12484214404993,2.98308407848042,2.90847683859195,2.64805897247448,2.48883142085793,2.40849919125238,2.33868307858971,2.23092256723691,2.1999740433567,2.1854653099286,2.15504602505269,2.2233540403985,2.20390986396761,2.26498272209884,2.32228701963217,2.35346951230262,2.388256095349,2.37160355005929,2.39229701664953,2.35557774936896,2.25850982411533,2.18453209144435,2.10728834575997,1.98433208833306,1.89407482920338,1.79543122979315,1.69329527346479,1.61464294786868,1.50123063789306,1.41602785334027,1.2852261725919,1.12851652199911,1.00966533256288,0.926966972165948,0.835044702590511,0.749850666497998,0.654893572940881,0.579691640307567,NA,NA,NA,NA,NA,NA,NA,NA,NA,NA,NA,NA,NA,NA,NA,NA,NA,NA,NA,NA,NA,NA,NA,NA,NA,NA,NA,NA,NA,NA,NA,NA,NA,NA,NA,NA,NA,NA,NA,NA,NA,NA,NA,NA,NA,NA,NA,NA,NA,NA,NA,NA,NA,NA,NA,NA,NA,NA,NA,NA,NA,NA,NA,NA,NA,NA,NA,NA,NA,NA,NA,NA,NA,NA,NA,NA,NA,NA
400.39,3.53153019992761,3.40248012367483,3.37318520414673,3.12165883754878,3.0962390142428,2.93435501715888,2.71541594077846,2.6047824761618,2.45936237878942,2.35932285998975,2.28698697051804,2.25438590406116,2.22625200616809,2.26166645427134,2.26519798628019,2.30211368426679,2.3499314816585,2.38730316243525,2.46239738327354,2.44990400470856,2.46727874067876,2.487939767699,2.41320102710373,2.36525774774769,2.2643799531108,2.16097354813211,2.06636652696191,1.97186513108471,1.85589220914909,1.78302357560441,1.66810833165918,1.5659134654524,1.47248737449017,1.34221611410697,1.22246956449433,1.08480711383297,0.976470891366155,0.881712300889059,0.803986253297538,0.717542911861472,0.631717427641365,NA,NA,NA,NA,NA,NA,NA,NA,NA,NA,NA,NA,NA,NA,NA,NA,NA,NA,NA,NA,NA,NA,NA,NA,NA,NA,NA,NA,NA,NA,NA,NA,NA,NA,NA,NA,NA,NA,NA,NA,NA,NA,NA,NA,NA,NA,NA,NA,NA,NA,NA,NA,NA,NA,NA,NA,NA,NA,NA,NA,NA,NA,NA,NA,NA,NA,NA,NA,NA,NA,NA,NA,NA,NA,NA,NA,NA,NA
402.029,3.78591902631043,3.57934057553381,3.38142565114841,3.25929334294451,3.1882538583697,2.94352068760052,2.80978640209779,2.67604541473864,2.5483966186425,2.50646653435024,2.38143801387362,2.26816655351918,2.29086891167184,2.29776845689472,2.32376854984897,2.35882307404754,2.38337362131147,2.4577793398212,2.50276975325487,2.53967576564237,2.55031094500866,2.53741139970851,2.49166780158842,2.44109928108236,2.37198252018608,2.25422084603884,2.16415649331034,2.0360647058855,1.92474430217126,1.83719322690728,1.74157037293763,1.64145855104759,1.53777805246821,1.41546181868677,1.28292613676658,1.12646231472041,1.02044833890409,0.93077887954695,0.853765885198136,0.76999976300718,0.666710754050078,0.586902197452578,NA,NA,NA,NA,NA,NA,NA,NA,NA,NA,NA,NA,NA,NA,NA,NA,NA,NA,NA,NA,NA,NA,NA,NA,NA,NA,NA,NA,NA,NA,NA,NA,NA,NA,NA,NA,NA,NA,NA,NA,NA,NA,NA,NA,NA,NA,NA,NA,NA,NA,NA,NA,NA,NA,NA,NA,NA,NA,NA,NA,NA,NA,NA,NA,NA,NA,NA,NA,NA,NA,NA,NA,NA,NA,NA,NA,NA
403.67,3.95849396368722,3.65944677079314,3.61222626779891,3.34663370974551,3.3560570642968,3.02965411870884,2.91577931722624,2.76560855820493,2.64523298352227,2.49533085542343,2.42835745380765,2.35345752026414,2.36356172182006,2.33264017632597,2.41405065677138,2.41868726496699,2.49336308809034,2.51296633905582,2.55279549302488,2.59201278706328,2.64632386288137,2.6046415914022,2.58750093651112,2.52523403199842,2.43952319576262,2.32752571801344,2.22409946490671,2.1137060248902,2.00163843345532,1.88571490627436,1.80315572636141,1.69445141540481,1.57511706731705,1.4781635210998,1.36138248144186,1.21080929119031,1.08914780245687,0.982346257562724,0.893892066842693,0.801380387942988,0.718518682741449,0.632963090074208,0.528338876699645,NA,NA,NA,NA,NA,NA,NA,NA,NA,NA,NA,NA,NA,NA,NA,NA,NA,NA,NA,NA,NA,NA,NA,NA,NA,NA,NA,NA,NA,NA,NA,NA,NA,NA,NA,NA,NA,NA,NA,NA,NA,NA,NA,NA,NA,NA,NA,NA,NA,NA,NA,NA,NA,NA,NA,NA,NA,NA,NA,NA,NA,NA,NA,NA,NA,NA,NA,NA,NA,NA,NA,NA,NA,NA,NA,NA
405.31,3.98230424604533,3.84530824583305,3.66246445583803,3.54814898518464,3.27651412207186,3.14203739536033,2.96293569688719,2.81435680596147,2.69660385151122,2.52201455575487,2.46284853772476,2.45058103944629,2.37674988251201,2.42986493179228,2.41437997086671,2.45011828482414,2.55059399694628,2.56476744548607,2.64178299083295,2.66548717635374,2.72063328308891,2.70025912113615,2.6472131631366,2.59967977982996,2.5131364145254,2.40565853042581,2.28791358443708,2.18145673107355,2.07907357973192,1.98031050000865,1.88068410393757,1.76172575735803,1.65920861295599,1.54026190236942,1.40458737380228,1.26970540383146,1.13517856845052,1.03790720182713,0.942930025222348,0.867122627102766,0.761080970536289,0.679323157956598,0.592278242681665,NA,NA,NA,NA,NA,NA,NA,NA,NA,NA,NA,NA,NA,NA,NA,NA,NA,NA,NA,NA,NA,NA,NA,NA,NA,NA,NA,NA,NA,NA,NA,NA,NA,NA,NA,NA,NA,NA,NA,NA,NA,NA,NA,NA,NA,NA,NA,NA,NA,NA,NA,NA,NA,NA,NA,NA,NA,NA,NA,NA,NA,NA,NA,NA,NA,NA,NA,NA,NA,NA,NA,NA,NA,NA,NA,NA
406.951,4.18944007905162,3.87467816495721,3.68729436861133,3.60065737829621,3.4533043889152,3.27088692663946,3.07384714380923,2.8853395037271,2.7029293042842,2.60622734398513,2.56646488186648,2.47027610708085,2.4695460818343,2.43287563865698,2.48275299396634,2.55121349295964,2.55899519669197,2.63202982512333,2.73876054198791,2.71413623720052,2.76592013759029,2.77232032280211,2.72929368939724,2.66284827264583,2.5822780854303,2.50283216219159,2.39442471009824,2.26174124041854,2.15377677845306,2.04197791082004,1.93137402637622,1.82049068636603,1.73091298629585,1.59305109541078,1.44479481058504,1.33438909644862,1.20018532891266,1.07482496272445,0.988245013544377,0.911839760721131,0.821011716440483,0.728426609080087,0.63468832175919,0.545174340380957,NA,NA,NA,NA,NA,NA,NA,NA,NA,NA,NA,NA,NA,NA,NA,NA,NA,NA,NA,NA,NA,NA,NA,NA,NA,NA,NA,NA,NA,NA,NA,NA,NA,NA,NA,NA,NA,NA,NA,NA,NA,NA,NA,NA,NA,NA,NA,NA,NA,NA,NA,NA,NA,NA,NA,NA,NA,NA,NA,NA,NA,NA,NA,NA,NA,NA,NA,NA,NA,NA,NA,NA,NA,NA,NA
408.593,4.18791186009159,4.11898608688207,3.85261064816604,3.62010349362126,3.44695602395779,3.23510045806806,3.12847064982913,2.88634371866361,2.76949176015181,2.65020664054396,2.57346746107547,2.49431240490095,2.47294430371711,2.51099803318093,2.53921646307749,2.57723338267261,2.65434543736995,2.69860183759837,2.74450942437898,2.82333379138647,2.8394799832723,2.84461892699656,2.78820893585269,2.73110682057442,2.67964880865775,2.55640085247408,2.43117915040896,2.34879488008436,2.2158470049937,2.09555884398592,2.00132257449758,1.8879811304796,1.76390653220963,1.6410083369189,1.51961425474792,1.39358059691303,1.285642996887,1.15902256829572,1.06758343577578,0.970759014132582,0.863897415744327,0.765574240736121,0.67500024059254,0.589139560008949,NA,NA,NA,NA,NA,NA,NA,NA,NA,NA,NA,NA,NA,NA,NA,NA,NA,NA,NA,NA,NA,NA,NA,NA,NA,NA,NA,NA,NA,NA,NA,NA,NA,NA,NA,NA,NA,NA,NA,NA,NA,NA,NA,NA,NA,NA,NA,NA,NA,NA,NA,NA,NA,NA,NA,NA,NA,NA,NA,NA,NA,NA,NA,NA,NA,NA,NA,NA,NA,NA,NA,NA,NA,NA,NA
410.235,4.35004263221525,3.99275768226546,3.89397995259805,3.73994409750839,3.54848628651092,3.41488588986508,3.17946375632481,3.03826240000706,2.84149480849395,2.65982365120306,2.59824110375284,2.55511803716963,2.53567295187711,2.52919438761893,2.54625891321965,2.60924363447605,2.67786984198731,2.74812161565173,2.80077851829269,2.83513957182502,2.9004337011949,2.86311629456327,2.84670458268696,2.78465286017933,2.7175947908619,2.6045999375957,2.50612028389455,2.38872116695299,2.26850119792115,2.14044137105912,2.04056733283575,1.95477307117915,1.83980239256975,1.69218975978594,1.56274722478216,1.45212588704166,1.32846829192165,1.20751819150847,1.09547526084869,1.00627786314734,0.910694886137662,0.807495864118279,0.720009398833248,0.632161979997628,0.536886322044193,NA,NA,NA,NA,NA,NA,NA,NA,NA,NA,NA,NA,NA,NA,NA,NA,NA,NA,NA,NA,NA,NA,NA,NA,NA,NA,NA,NA,NA,NA,NA,NA,NA,NA,NA,NA,NA,NA,NA,NA,NA,NA,NA,NA,NA,NA,NA,NA,NA,NA,NA,NA,NA,NA,NA,NA,NA,NA,NA,NA,NA,NA,NA,NA,NA,NA,NA,NA,NA,NA,NA,NA,NA,NA
411.878,4.27166502336294,4.00151954927868,3.97242215832178,3.76225863442477,3.62281638773984,3.38377575955372,3.24188984101494,3.01099889680596,2.86232605436582,2.74049262702675,2.6854521821279,2.58624612439474,2.5888543950013,2.57967265195662,2.62275269804883,2.65108493514355,2.68561612537712,2.78647994301546,2.86502564622108,2.91459457708724,2.91301826475295,2.94293536701701,2.93279405685527,2.85035082519929,2.78653950827586,2.68053768013395,2.55611595769,2.4473499481933,2.32635139391996,2.21421920151604,2.11088665471184,1.9809019290752,1.88660831206524,1.7551826226485,1.63210545900191,1.50196387448868,1.38285751442299,1.26609105372322,1.14656797950549,1.06962390878925,0.943552124113675,0.85609998106401,0.752281325341146,0.668192030532002,0.58021427001545,NA,NA,NA,NA,NA,NA,NA,NA,NA,NA,NA,NA,NA,NA,NA,NA,NA,NA,NA,NA,NA,NA,NA,NA,NA,NA,NA,NA,NA,NA,NA,NA,NA,NA,NA,NA,NA,NA,NA,NA,NA,NA,NA,NA,NA,NA,NA,NA,NA,NA,NA,NA,NA,NA,NA,NA,NA,NA,NA,NA,NA,NA,NA,NA,NA,NA,NA,NA,NA,NA,NA,NA,NA,NA
413.521,4.38190093074539,4.42172997522048,4.03888355139116,3.80242311967036,3.73195811725149,3.51941215456666,3.26002998796839,3.11667150526368,2.95544364702116,2.81259973152472,2.70854922948543,2.64829218106428,2.63005837334575,2.63709807962695,2.65421889869562,2.68733770714559,2.77612966448294,2.8429823290449,2.90679527483086,2.92413568778986,2.99283011975234,2.9974280976189,2.96843308183939,2.90958303983705,2.84612882555003,2.71483931088147,2.63539913049809,2.52252111159753,2.4189898252113,2.28549714071383,2.18026151926199,2.05127336562671,1.93741004379788,1.82169752663843,1.67647087273004,1.55599471397494,1.44992450367853,1.32757746577517,1.20219865881177,1.09978135041075,1.01016034414634,0.916878800646951,0.830160686155033,0.734979455783315,0.631335207326293,0.534152728357619,NA,NA,NA,NA,NA,NA,NA,NA,NA,NA,NA,NA,NA,NA,NA,NA,NA,NA,NA,NA,NA,NA,NA,NA,NA,NA,NA,NA,NA,NA,NA,NA,NA,NA,NA,NA,NA,NA,NA,NA,NA,NA,NA,NA,NA,NA,NA,NA,NA,NA,NA,NA,NA,NA,NA,NA,NA,NA,NA,NA,NA,NA,NA,NA,NA,NA,NA,NA,NA,NA,NA,NA,NA
415.165,4.43819819714214,4.35711114919383,4.26443941511483,3.93718427401697,3.79750119528319,3.56190037908273,3.3458758161596,3.11942999881481,2.95276295120779,2.86329950612708,2.72296834009749,2.67076780462477,2.6625232401599,2.68101312571929,2.70198235757636,2.74089869094574,2.81435068721216,2.87811948383657,2.93988535872117,2.98766625132217,3.02019561923307,3.02943480240756,3.01507054903945,2.95441432381678,2.9004894519373,2.79381758765987,2.68064852246438,2.56132682490345,2.43541982435909,2.34874871839854,2.22451365769913,2.11429222003071,1.9888884520984,1.85924407177383,1.74908429096963,1.60112317464668,1.48617212598685,1.37765988741342,1.26879418701907,1.16728923289613,1.06482619182449,0.965403910085958,0.859164640274682,0.752713262837781,0.665888742904169,0.584518093518969,0.500697796416004,NA,NA,NA,NA,NA,NA,NA,NA,NA,NA,NA,NA,NA,NA,NA,NA,NA,NA,NA,NA,NA,NA,NA,NA,NA,NA,NA,NA,NA,NA,NA,NA,NA,NA,NA,NA,NA,NA,NA,NA,NA,NA,NA,NA,NA,NA,NA,NA,NA,NA,NA,NA,NA,NA,NA,NA,NA,NA,NA,NA,NA,NA,NA,NA,NA,NA,NA,NA,NA,NA,NA,NA
416.809,4.72756481286596,4.33519641558457,4.11734113345423,4.08041019727137,3.73637262097777,3.59010811631056,3.38621644819385,3.11314187230276,3.01303919685894,2.86349393996081,2.80124628900743,2.70674193486085,2.67288718283237,2.73283975567179,2.76366652142146,2.74883883031169,2.81993117340222,2.89149826423921,2.99632542531899,3.02397276208613,3.04982353386243,3.05843987952516,3.03438879460703,3.01362654675514,2.93383361584951,2.84679334656246,2.74429232908564,2.62504716167768,2.51463055260099,2.39371481694702,2.28654644685075,2.16756667190811,2.03407055065407,1.92167308234973,1.7862243888313,1.66618558656185,1.53478532136109,1.4307462314978,1.31990437715362,1.21241615432786,1.10845764418959,1.0070872334404,0.918146515270751,0.8101156801508,0.697183092481669,0.622103904725431,0.535995122431665,NA,NA,NA,NA,NA,NA,NA,NA,NA,NA,NA,NA,NA,NA,NA,NA,NA,NA,NA,NA,NA,NA,NA,NA,NA,NA,NA,NA,NA,NA,NA,NA,NA,NA,NA,NA,NA,NA,NA,NA,NA,NA,NA,NA,NA,NA,NA,NA,NA,NA,NA,NA,NA,NA,NA,NA,NA,NA,NA,NA,NA,NA,NA,NA,NA,NA,NA,NA,NA,NA,NA,NA
418.453,4.70092062164241,4.39867791766441,4.16056565614538,4.06079572275974,3.87813157068756,3.69276537983358,3.42340482461055,3.16923660905185,3.02297703188499,2.90307205362109,2.82373848410682,2.76569880956351,2.70917044131527,2.67926986082174,2.75714704463841,2.80760534511081,2.85987081559594,2.89134819400007,2.99199255898862,3.03414939654828,3.08642829854691,3.09125577743371,3.08768958140597,3.04283287835909,2.96331608736574,2.87626637194061,2.76681706511261,2.65818148148892,2.53403105711253,2.42944731424133,2.32574644995042,2.2166477177798,2.0823484255243,1.95295311546308,1.83712341504239,1.6949538820253,1.58864246614273,1.47764644343761,1.35468724260681,1.24782789741876,1.14546665577073,1.05517574292548,0.944922279912231,0.827162731310136,0.744328707729786,0.655529388486315,0.573675114277515,0.493175187499179,NA,NA,NA,NA,NA,NA,NA,NA,NA,NA,NA,NA,NA,NA,NA,NA,NA,NA,NA,NA,NA,NA,NA,NA,NA,NA,NA,NA,NA,NA,NA,NA,NA,NA,NA,NA,NA,NA,NA,NA,NA,NA,NA,NA,NA,NA,NA,NA,NA,NA,NA,NA,NA,NA,NA,NA,NA,NA,NA,NA,NA,NA,NA,NA,NA,NA,NA,NA,NA,NA,NA
420.098,4.62462604400271,4.30832507393166,4.28940256992501,4.03200297706457,3.90178104901704,3.64448341652207,3.43258567458822,3.20294159656954,3.10350589309615,2.89462975256957,2.83672928647667,2.77286306074706,2.71082211558744,2.69990157452629,2.7630476077847,2.81764959935657,2.86078731044072,2.94081376730247,2.98422075614798,3.04864735764249,3.09786276726373,3.11875608946494,3.11543187139673,3.0450363031446,2.98604297308574,2.90056314472734,2.80783223336516,2.69108775027124,2.59591904101188,2.49401782082655,2.38344864157616,2.24549981100857,2.13474610604901,2.00554135007629,1.87176811835266,1.74761074066038,1.6220995861461,1.50826412907763,1.40446641908372,1.31434967624563,1.19875924243083,1.10305116272757,1.00183918595107,0.896910336842377,0.795473775126726,0.689643018755096,0.629664063992021,0.53659274593509,NA,NA,NA,NA,NA,NA,NA,NA,NA,NA,NA,NA,NA,NA,NA,NA,NA,NA,NA,NA,NA,NA,NA,NA,NA,NA,NA,NA,NA,NA,NA,NA,NA,NA,NA,NA,NA,NA,NA,NA,NA,NA,NA,NA,NA,NA,NA,NA,NA,NA,NA,NA,NA,NA,NA,NA,NA,NA,NA,NA,NA,NA,NA,NA,NA,NA,NA,NA,NA,NA,NA
421.744,4.86410396672538,4.42587843077412,4.38538278577038,4.12499031978051,3.9158090195857,3.71741440575944,3.43848116136825,3.26506781310604,3.08072773373724,2.92493891216942,2.88321740487758,2.78023867439883,2.76146252819075,2.7799463598443,2.80181037514867,2.84133369103414,2.86742724446568,2.96586189457296,3.01585068703981,3.07890183736146,3.13584673278792,3.16279393621817,3.13980004198643,3.09317852224639,3.04900030040507,2.96283813038109,2.85291409200781,2.74077786597788,2.64313748158287,2.51922597852526,2.42022327048463,2.29322638175292,2.18917020209109,2.06556948636521,1.93282389969603,1.79572477630683,1.69273916127226,1.57314415631488,1.45223364709537,1.37535884420019,1.25204974153638,1.14078863993807,1.04562796843433,0.938057048821672,0.839356444577317,0.73766452186114,0.662239715958019,0.568622974014253,0.520724058820447,NA,NA,NA,NA,NA,NA,NA,NA,NA,NA,NA,NA,NA,NA,NA,NA,NA,NA,NA,NA,NA,NA,NA,NA,NA,NA,NA,NA,NA,NA,NA,NA,NA,NA,NA,NA,NA,NA,NA,NA,NA,NA,NA,NA,NA,NA,NA,NA,NA,NA,NA,NA,NA,NA,NA,NA,NA,NA,NA,NA,NA,NA,NA,NA,NA,NA,NA,NA,NA,NA
423.39,4.97949958217137,4.57120452997479,4.41635146974221,4.10800479176152,3.95450089150632,3.76101414539353,3.47179511692915,3.29738978911744,3.16859354431909,2.97790699338634,2.90339167514256,2.8093701004887,2.78966248932287,2.82501139334395,2.83856756043229,2.88970658857021,2.92289890791321,2.97804900028707,3.06135091590907,3.10792008141497,3.14566160340752,3.18195650907167,3.18349423811094,3.16474224583003,3.06372709337751,2.99273904196327,2.88242771632029,2.7844789295767,2.6906415479187,2.56741502045708,2.48125286394794,2.34837737740285,2.22484509204629,2.0988216998058,1.98208061186578,1.83647567801146,1.7178344355041,1.63752486394638,1.51617422943737,1.41175005258021,1.30381177805834,1.19000062688657,1.06556714739028,0.974974860119272,0.889397982427806,0.801045196250088,0.698777324550421,0.613264127606567,0.54633830753952,0.452962077379024,NA,NA,NA,NA,NA,NA,NA,NA,NA,NA,NA,NA,NA,NA,NA,NA,NA,NA,NA,NA,NA,NA,NA,NA,NA,NA,NA,NA,NA,NA,NA,NA,NA,NA,NA,NA,NA,NA,NA,NA,NA,NA,NA,NA,NA,NA,NA,NA,NA,NA,NA,NA,NA,NA,NA,NA,NA,NA,NA,NA,NA,NA,NA,NA,NA,NA,NA,NA,NA
425.036,4.66590354145276,4.75757859657052,4.44637310686337,4.21230022443248,4.02998224571703,3.85008000923377,3.55091006169672,3.31658624153882,3.19685553317208,3.0339410135341,2.89720626303676,2.85258184091705,2.82069224762341,2.79987387368657,2.84143398347753,2.88630058783286,2.93313316401421,2.97997885587574,3.08735322044456,3.10567279537729,3.18638544674205,3.20378566421046,3.17703776400476,3.14790336944818,3.11591178362262,3.03660478455163,2.9158466536359,2.84124803652739,2.7211137138778,2.61016063716894,2.48138960105795,2.38217847017281,2.26358565565795,2.15559732132123,2.02090479129985,1.91693015811715,1.77368192285591,1.66874145601956,1.56629775248157,1.47010128376508,1.37057683070822,1.23909204344221,1.12813506035763,1.03502800283852,0.926315448702541,0.830994451722871,0.727780729929137,0.670585501866447,0.581260991659598,0.514879768273611,NA,NA,NA,NA,NA,NA,NA,NA,NA,NA,NA,NA,NA,NA,NA,NA,NA,NA,NA,NA,NA,NA,NA,NA,NA,NA,NA,NA,NA,NA,NA,NA,NA,NA,NA,NA,NA,NA,NA,NA,NA,NA,NA,NA,NA,NA,NA,NA,NA,NA,NA,NA,NA,NA,NA,NA,NA,NA,NA,NA,NA,NA,NA,NA,NA,NA,NA,NA,NA
426.683,4.84178921181253,4.67696844587506,4.56894655473729,4.19028280216126,4.0440060834353,3.80034198138295,3.6475315888747,3.40768800905421,3.18568879781055,3.05210645222063,2.93237170658906,2.87129947748386,2.82218242112997,2.85818398948691,2.86825082949499,2.88315227559381,2.93840782490082,3.01723642992911,3.08228180958028,3.12847770341674,3.17923905475228,3.20826163343366,3.2058403773503,3.17985870395278,3.11809197987037,3.03259228968376,2.95108527336086,2.84679848967827,2.74789233351294,2.63283156725197,2.55561010434929,2.43541705311934,2.3040281820921,2.18774675380449,2.05718914082023,1.94078831275219,1.80990448098689,1.71943435217369,1.59983673606933,1.52816190138478,1.39948557714543,1.30328854556304,1.18845872954112,1.07508882787557,0.969468637827989,0.872852245272992,0.783626079679841,0.701056414808226,0.61272285054716,0.536877898683258,0.453736609584356,NA,NA,NA,NA,NA,NA,NA,NA,NA,NA,NA,NA,NA,NA,NA,NA,NA,NA,NA,NA,NA,NA,NA,NA,NA,NA,NA,NA,NA,NA,NA,NA,NA,NA,NA,NA,NA,NA,NA,NA,NA,NA,NA,NA,NA,NA,NA,NA,NA,NA,NA,NA,NA,NA,NA,NA,NA,NA,NA,NA,NA,NA,NA,NA,NA,NA,NA,NA
428.33,5.01221053633834,4.67390760785844,4.54648379219304,4.25930746939207,4.07005992911776,3.89904804975389,3.65796685835457,3.33285553394882,3.19989686908763,3.07627879306549,2.94755142816293,2.88151238856721,2.84026168541451,2.82330489399679,2.83693623602614,2.9138642432721,2.94794202831815,3.00883858189414,3.0544616509158,3.1323773304547,3.19890542129383,3.23528088937946,3.21008130537043,3.19985624513268,3.15053485590998,3.06326044635815,2.96335035213843,2.86364885439643,2.79033961532186,2.65859533062438,2.5659012762352,2.45359556438927,2.35405573901434,2.217330395551,2.1019429420836,1.97699302050851,1.85544968825669,1.77273325642647,1.65518135950995,1.54704586767753,1.4417317969545,1.34439145720412,1.20658346406471,1.1132188170801,1.01839106348813,0.908706480876924,0.822345418558195,0.736651977581474,0.655258284596475,0.573213684976204,0.485612451913749,NA,NA,NA,NA,NA,NA,NA,NA,NA,NA,NA,NA,NA,NA,NA,NA,NA,NA,NA,NA,NA,NA,NA,NA,NA,NA,NA,NA,NA,NA,NA,NA,NA,NA,NA,NA,NA,NA,NA,NA,NA,NA,NA,NA,NA,NA,NA,NA,NA,NA,NA,NA,NA,NA,NA,NA,NA,NA,NA,NA,NA,NA,NA,NA,NA,NA,NA,NA
429.978,4.89969862898731,4.58292271600557,4.40752808317098,4.26844119086857,4.11224034138488,3.85789995261539,3.53453073638911,3.41730692684319,3.24079597520966,3.06891476773349,2.95489636909762,2.90016459436851,2.81787451366781,2.8682178962162,2.86966966465024,2.933924069722,2.94780497805208,3.02469007344434,3.0660064605573,3.14530514119203,3.18121602055369,3.22126268161133,3.23465318960528,3.21900954192497,3.16379023710959,3.06411569746592,3.00627046620849,2.91910583750111,2.80094606298034,2.68953276360757,2.59946429397528,2.50130178878261,2.37986911066895,2.27499598556487,2.12820795318563,2.00198003117947,1.89678166602171,1.80437309286284,1.71425674645945,1.59471173427577,1.4834131925939,1.37080719078855,1.25580341930936,1.15725829804817,1.07292345449964,0.960259495726062,0.858630363136227,0.780272474483797,0.691884763897026,0.609276332552802,0.537045371564351,0.462305940447434,NA,NA,NA,NA,NA,NA,NA,NA,NA,NA,NA,NA,NA,NA,NA,NA,NA,NA,NA,NA,NA,NA,NA,NA,NA,NA,NA,NA,NA,NA,NA,NA,NA,NA,NA,NA,NA,NA,NA,NA,NA,NA,NA,NA,NA,NA,NA,NA,NA,NA,NA,NA,NA,NA,NA,NA,NA,NA,NA,NA,NA,NA,NA,NA,NA,NA,NA
431.626,4.95899534274649,4.71126795725088,4.5024040809501,4.32830176063228,4.12786585161308,3.90457333368068,3.65751139091397,3.45858250977835,3.26468612289967,3.09833350628556,3.03469043235752,2.94656250864105,2.8876035068364,2.887379374349,2.89575951351971,2.92651592835289,3.00806250687832,3.04144754483002,3.11183401680511,3.14288196403584,3.21493322021214,3.23656677793005,3.24233680257895,3.21612786431511,3.17252331426206,3.1172619094301,3.03937127121955,2.92750662120088,2.85113123734438,2.74009235285726,2.63599381666534,2.5362385800637,2.44025571446441,2.31426241114277,2.19253166511915,2.04829977592015,1.94972513768957,1.81936177257579,1.73863254415065,1.63824279471445,1.5428350038175,1.42332561119205,1.2995759117681,1.20272018911275,1.08748890275119,0.994946482880308,0.899520347305768,0.820117946221797,0.729405137926349,0.658554894448619,0.582163239518095,0.495035738498142,NA,NA,NA,NA,NA,NA,NA,NA,NA,NA,NA,NA,NA,NA,NA,NA,NA,NA,NA,NA,NA,NA,NA,NA,NA,NA,NA,NA,NA,NA,NA,NA,NA,NA,NA,NA,NA,NA,NA,NA,NA,NA,NA,NA,NA,NA,NA,NA,NA,NA,NA,NA,NA,NA,NA,NA,NA,NA,NA,NA,NA,NA,NA,NA,NA,NA,NA
433.274,5.00871975696895,4.82354363752342,4.56983456268114,4.30589046549071,4.13847574709254,3.98751471867768,3.73602938768058,3.49820975450065,3.26040712874277,3.14353359517894,3.03169415990628,2.9351321164401,2.92627226070278,2.90403971311087,2.91228304014766,2.95510766448033,2.9900286748587,3.04446515415504,3.14557419392581,3.18222167208367,3.22346019221031,3.26373192167828,3.26490205796879,3.27153996656285,3.19799050086489,3.129122901337,3.05419376769121,2.95554725971368,2.86922831917932,2.80291401602246,2.69677457355885,2.59174789841343,2.48454031396586,2.3483595048123,2.23349916551665,2.10759892245813,2.00133915937332,1.89133487243392,1.7791876700483,1.68487669542501,1.56360780343841,1.46979977159783,1.37622528874116,1.26431328764623,1.14931515073159,1.04310434293644,0.95182008664916,0.876758115396613,0.793770563551204,0.694840858694661,0.609430520573257,0.538503848299102,0.468771175074353,NA,NA,NA,NA,NA,NA,NA,NA,NA,NA,NA,NA,NA,NA,NA,NA,NA,NA,NA,NA,NA,NA,NA,NA,NA,NA,NA,NA,NA,NA,NA,NA,NA,NA,NA,NA,NA,NA,NA,NA,NA,NA,NA,NA,NA,NA,NA,NA,NA,NA,NA,NA,NA,NA,NA,NA,NA,NA,NA,NA,NA,NA,NA,NA,NA,NA
434.923,5.06295840035928,4.60970064503276,4.61251983616831,4.3674614058344,4.21380279827317,4.02465934499138,3.75030811463261,3.48735926752971,3.34933669668245,3.22023225973811,3.07543212932337,2.9937348334397,2.91714975533585,2.91953686730089,2.94600999746751,2.96783685121021,3.02082038455935,3.07902420306911,3.14938584933884,3.20630370627141,3.25754870395694,3.27713930916595,3.28154532518032,3.28488215640388,3.24443268463068,3.15112440078853,3.08844710177076,3.05119880401281,2.92301899971281,2.82430477661022,2.73303347747848,2.62040073601371,2.5023305877482,2.40513038471724,2.27860076464184,2.1487944122188,2.01153596329638,1.94532786234903,1.83775785636253,1.72967202784307,1.63206824543561,1.52005656940733,1.41417275444419,1.30168499263166,1.19395035832725,1.0976006628409,1.02452049623751,0.923629682668892,0.8227696630403,0.724892463977447,0.659394441570203,0.575128790599234,0.508989483607694,0.434166783953517,NA,NA,NA,NA,NA,NA,NA,NA,NA,NA,NA,NA,NA,NA,NA,NA,NA,NA,NA,NA,NA,NA,NA,NA,NA,NA,NA,NA,NA,NA,NA,NA,NA,NA,NA,NA,NA,NA,NA,NA,NA,NA,NA,NA,NA,NA,NA,NA,NA,NA,NA,NA,NA,NA,NA,NA,NA,NA,NA,NA,NA,NA,NA,NA,NA
436.573,4.92603712945033,4.88588602892285,4.57410901082991,4.44680761189711,4.22922146772721,3.95903410550423,3.83504117404852,3.55243469210702,3.33779633450662,3.20760588971328,3.131977593568,3.03369715737459,2.93903459434532,2.96879709308739,2.95400353993529,3.01089584404787,3.0066531188547,3.0768615815427,3.15234785259633,3.18047474453945,3.24626157466372,3.28719294792447,3.29264394547554,3.28555491849834,3.22096125718089,3.18718740942047,3.10328262005795,3.02871694784138,2.94951836387955,2.84595312630466,2.75993865397842,2.67501030625617,2.54783484070663,2.44971933842568,2.3135320065948,2.18280271360438,2.08603565619049,1.98221763437699,1.8803749678417,1.77550071133491,1.67838664006044,1.5610718282068,1.45365286938701,1.3574439777844,1.24271113995745,1.13261517642026,1.03411040628284,0.960538066579792,0.857245704937148,0.784845893431798,0.696089729368497,0.614782798420504,0.551051702071243,0.471118412350855,NA,NA,NA,NA,NA,NA,NA,NA,NA,NA,NA,NA,NA,NA,NA,NA,NA,NA,NA,NA,NA,NA,NA,NA,NA,NA,NA,NA,NA,NA,NA,NA,NA,NA,NA,NA,NA,NA,NA,NA,NA,NA,NA,NA,NA,NA,NA,NA,NA,NA,NA,NA,NA,NA,NA,NA,NA,NA,NA,NA,NA,NA,NA,NA,NA
438.223,5.17629752207747,4.8214153954994,4.5911202809744,4.52777017025835,4.17049377649144,4.06364450949338,3.78178894983652,3.49531955956323,3.4375502402522,3.21205487369662,3.12301320179296,3.03092567194777,2.98945747571711,2.97818982528321,2.97681657390998,2.98821079484949,3.01978560285542,3.0509826009845,3.09762610305475,3.19834878345773,3.21287125370365,3.28260829935969,3.27250388223762,3.28578096989224,3.24882430172755,3.20823762565625,3.12597452516652,3.04606231557762,2.94984569128352,2.87864389319831,2.77079217525154,2.68058477325032,2.57531134753392,2.44874754208105,2.33205989863214,2.22730346218514,2.11244491452809,2.01411182001915,1.90519268817598,1.81371884650847,1.72455084444548,1.6288845688593,1.4922956967131,1.3981303194566,1.28611904011807,1.18113592898404,1.07533437551859,0.990236475025416,0.909420071651699,0.815705075074009,0.739496670228447,0.642102510474079,0.574010860854924,0.498648988516593,0.42714792801099,NA,NA,NA,NA,NA,NA,NA,NA,NA,NA,NA,NA,NA,NA,NA,NA,NA,NA,NA,NA,NA,NA,NA,NA,NA,NA,NA,NA,NA,NA,NA,NA,NA,NA,NA,NA,NA,NA,NA,NA,NA,NA,NA,NA,NA,NA,NA,NA,NA,NA,NA,NA,NA,NA,NA,NA,NA,NA,NA,NA,NA,NA,NA,NA
439.873,5.20341549700895,4.82380546996105,4.80602746608848,4.44151595648995,4.31441729289199,4.10285737914209,3.83728235329777,3.61708406354156,3.39544785747138,3.26458156152138,3.11082919418944,3.04639472726603,2.99307801312198,2.97699769740352,2.99365609041945,2.97639530065313,3.04576986288841,3.07075644994784,3.11689705907952,3.17104317783727,3.22619264495262,3.27736726422703,3.31522366503663,3.27201502498185,3.22839910310059,3.23306630673996,3.11257964242059,3.06834061904446,2.99019600701473,2.89883348291046,2.79747043932539,2.71730565722085,2.61743420288236,2.48284616384362,2.3743634729272,2.2534074379847,2.14344840989233,2.03405626709588,1.94211643492684,1.85841299084638,1.74852648067282,1.66098878292829,1.55209632504573,1.43622612986085,1.32682792315222,1.20382234150249,1.12794525824446,1.0330025966268,0.940803326640378,0.864375751849479,0.763670120575947,0.685061983584109,0.614983540611814,0.54853724135673,0.464869807748152,NA,NA,NA,NA,NA,NA,NA,NA,NA,NA,NA,NA,NA,NA,NA,NA,NA,NA,NA,NA,NA,NA,NA,NA,NA,NA,NA,NA,NA,NA,NA,NA,NA,NA,NA,NA,NA,NA,NA,NA,NA,NA,NA,NA,NA,NA,NA,NA,NA,NA,NA,NA,NA,NA,NA,NA,NA,NA,NA,NA,NA,NA,NA,NA
441.524,4.98263428052437,4.82292936277826,4.76770920703109,4.35020451416605,4.24665899309375,4.03351311917272,3.80401028677667,3.63831435489412,3.36255543312912,3.24972608624089,3.12635297154862,3.04415588092879,3.00720766811957,2.94986150487282,2.96731885100245,2.96879700689864,3.05369021208407,3.0600585905436,3.12374642978609,3.17347179249343,3.24154107916703,3.2442216373484,3.25835734367301,3.25922021543043,3.24423069935127,3.19660828599827,3.12151202827813,3.05944482343593,2.97604063655626,2.92610362780553,2.83403416955784,2.73394743023684,2.61917652929237,2.52651928124621,2.41314262669075,2.28997154827409,2.18869338145207,2.07839615086847,1.97778380616214,1.8891010559803,1.78323513217291,1.68473667575735,1.57127160143361,1.47186177669158,1.35956664630172,1.27448677557852,1.14796423612559,1.06834601265026,0.993270316093503,0.894784142298995,0.798758796098306,0.715945655389913,0.642875374901592,0.558623074063056,0.491585821068446,0.418996785325229,NA,NA,NA,NA,NA,NA,NA,NA,NA,NA,NA,NA,NA,NA,NA,NA,NA,NA,NA,NA,NA,NA,NA,NA,NA,NA,NA,NA,NA,NA,NA,NA,NA,NA,NA,NA,NA,NA,NA,NA,NA,NA,NA,NA,NA,NA,NA,NA,NA,NA,NA,NA,NA,NA,NA,NA,NA,NA,NA,NA,NA,NA,NA
443.175,5.21435074088755,4.80076216553688,4.63669676046947,4.44406606254407,4.29877611432635,4.10540258931686,3.86291030259791,3.59202458538844,3.44039087553093,3.22726928772159,3.12179802705192,3.07367912017129,3.01820212969164,2.9678335897128,2.96025307996552,3.01310372507343,3.0302263888916,3.06893149580463,3.08026164237262,3.16124153625302,3.18842729813362,3.2517941756207,3.28323418066482,3.27596927701262,3.23579318765058,3.18307675997947,3.1204638826211,3.06369808124837,2.98835355097708,2.93680821782453,2.86420377159041,2.71821171472392,2.64364757114822,2.51364746497493,2.418094241982,2.29363799683587,2.20432577704575,2.0890363370838,1.99730153757959,1.90218207157157,1.80881268339468,1.72210487391889,1.60509772021694,1.51705659802821,1.38962846787805,1.30339883531657,1.21501817728603,1.11179724837814,1.00701940445709,0.930569500213844,0.844930611173701,0.756596476342634,0.68132977647859,0.598924954642436,0.539032419845568,0.464307025130405,NA,NA,NA,NA,NA,NA,NA,NA,NA,NA,NA,NA,NA,NA,NA,NA,NA,NA,NA,NA,NA,NA,NA,NA,NA,NA,NA,NA,NA,NA,NA,NA,NA,NA,NA,NA,NA,NA,NA,NA,NA,NA,NA,NA,NA,NA,NA,NA,NA,NA,NA,NA,NA,NA,NA,NA,NA,NA,NA,NA,NA,NA,NA
444.827,4.9517692880048,4.985993566126,4.6613094411146,4.34950385452174,4.26188608157821,4.01224597260251,3.84374623632906,3.5795199309616,3.39122670181886,3.26847111039232,3.14570285183153,3.10257428996953,3.02006432564784,2.99769525675798,2.96501721514533,2.97463179386103,3.02244011780002,3.05876793576399,3.08970706286305,3.1539977191797,3.19953997887069,3.24530692308396,3.25899298015227,3.23543933227756,3.21443858189349,3.18899869125348,3.13463983846223,3.06181060629605,3.01192817595712,2.92886076667671,2.83924590337638,2.75856006341595,2.66988714085746,2.55534655120837,2.43444196103052,2.32589237087573,2.22320553197733,2.11881972739521,2.03635020592322,1.92283680353853,1.83817404868116,1.75227765117923,1.63766754477014,1.53941485629639,1.42416598543047,1.34866831481648,1.242743139295,1.13838506086365,1.06420889305436,0.962672229152653,0.880355485846348,0.805192569694777,0.719797019605608,0.639138899080284,0.559892507242213,0.491777095728784,0.424925775602604,NA,NA,NA,NA,NA,NA,NA,NA,NA,NA,NA,NA,NA,NA,NA,NA,NA,NA,NA,NA,NA,NA,NA,NA,NA,NA,NA,NA,NA,NA,NA,NA,NA,NA,NA,NA,NA,NA,NA,NA,NA,NA,NA,NA,NA,NA,NA,NA,NA,NA,NA,NA,NA,NA,NA,NA,NA,NA,NA,NA,NA,NA
446.479,5.10974192105524,4.83373088939734,4.64699435450422,4.49630426000098,4.2500615711042,4.04987475586938,3.83389015890995,3.60252797209639,3.477219841252,3.28259684827066,3.16218674368938,3.03274545665044,3.00127203151018,2.98046944067884,2.94975443054605,2.9845343463174,3.02341673856242,3.04276766233284,3.09533231284365,3.13093279768665,3.1676326576432,3.19454179689321,3.21985921506326,3.21115922131063,3.22233088264609,3.1722470169906,3.11425502832105,3.07250430266964,2.98633930725021,2.93029401518102,2.85856275884863,2.76121926241205,2.66970674151778,2.56716109685845,2.46955734339802,2.35780490207806,2.24726637992014,2.12933318964688,2.04327545701696,1.97593491513357,1.86757461125257,1.76706967527947,1.67692359721525,1.57883311786818,1.46079949139055,1.37017275176994,1.25844347276018,1.16986270635586,1.08834911865154,1.01437560361388,0.901727798437515,0.814688795017186,0.754592868844761,0.663933156069365,0.56975835999339,0.511131339203732,0.45532151227229,0.387855167540972,NA,NA,NA,NA,NA,NA,NA,NA,NA,NA,NA,NA,NA,NA,NA,NA,NA,NA,NA,NA,NA,NA,NA,NA,NA,NA,NA,NA,NA,NA,NA,NA,NA,NA,NA,NA,NA,NA,NA,NA,NA,NA,NA,NA,NA,NA,NA,NA,NA,NA,NA,NA,NA,NA,NA,NA,NA,NA,NA,NA,NA
448.131,4.78480679929563,4.81147705258077,4.56870657723305,4.446914145413,4.2792098220858,4.04075742912911,3.8081569043903,3.61057351628708,3.43662509620029,3.27624440992419,3.15124001169745,3.08082052307336,3.01634900041081,2.99080339875441,2.95896116070044,2.95480309316498,2.96449680005347,2.99157473564492,3.08277182814931,3.09351646880343,3.14302973037371,3.15937348094654,3.192029617732,3.20243605106124,3.18396650563431,3.14825796893541,3.0914659601306,3.0205202507434,2.97913876776365,2.90436813533442,2.83482647665431,2.75972423006503,2.66288819780988,2.5452722519237,2.46231415588156,2.3541950768938,2.25171465734772,2.15664209359021,2.0602738756076,1.98575304587902,1.89334011239885,1.78609680081857,1.69000040175701,1.58925880994962,1.49587533711722,1.39527823665042,1.29420443532737,1.19269309372409,1.10561868787263,1.01819071974375,0.939161693459193,0.854983356786455,0.768513576848104,0.685085441364784,0.61222482174485,0.550211348052164,0.477550055780621,0.417694993449178,NA,NA,NA,NA,NA,NA,NA,NA,NA,NA,NA,NA,NA,NA,NA,NA,NA,NA,NA,NA,NA,NA,NA,NA,NA,NA,NA,NA,NA,NA,NA,NA,NA,NA,NA,NA,NA,NA,NA,NA,NA,NA,NA,NA,NA,NA,NA,NA,NA,NA,NA,NA,NA,NA,NA,NA,NA,NA,NA,NA,NA
449.784,4.99761425918433,4.9639346683833,4.53816834877776,4.4789952163385,4.22239503091934,4.03982900061135,3.77518684417157,3.57547729701735,3.40856694658651,3.27349820000266,3.15781775993043,3.012254097657,2.99021130766593,2.97732122423503,2.94528264754777,2.91920163344014,2.9741875137286,2.99288421858072,3.01100561769881,3.06753311598287,3.11750661400131,3.13269617200251,3.1435742716934,3.14856320839374,3.15309740032649,3.12382400028856,3.07055752321283,3.02467358358345,2.95485360228823,2.90953181629682,2.84027244785879,2.734672415106,2.65755274037906,2.56770616958188,2.47260550416078,2.37351406084261,2.26620696101935,2.16568302032772,2.07399025877168,1.98669304482713,1.90808308877962,1.8171065590094,1.70975058834015,1.62386888666634,1.50372477531063,1.41747116206258,1.30873528870848,1.21998379459495,1.12777316258218,1.03330424429851,0.965563630682653,0.887876587712986,0.798835858786598,0.728581758669305,0.625095512542725,0.57641824720754,0.507934353088097,0.434778008765976,0.390118564033325,NA,NA,NA,NA,NA,NA,NA,NA,NA,NA,NA,NA,NA,NA,NA,NA,NA,NA,NA,NA,NA,NA,NA,NA,NA,NA,NA,NA,NA,NA,NA,NA,NA,NA,NA,NA,NA,NA,NA,NA,NA,NA,NA,NA,NA,NA,NA,NA,NA,NA,NA,NA,NA,NA,NA,NA,NA,NA,NA,NA
451.437,4.88153163305515,4.80061888986201,4.53354892320611,4.36454929411397,4.25285314674498,4.06314489925974,3.86840904062391,3.54557580519081,3.44748387620673,3.2258058342277,3.15905912645405,3.0291565634002,3.02575014100152,2.94481275602763,2.94742940904861,2.93034878621392,2.93391594026542,2.95035579883792,3.00059092583352,3.03305166610799,3.06512105962241,3.12121195854303,3.12709421622465,3.10655821202356,3.10455875059506,3.0895195549314,3.06466016977209,2.99811774264762,2.95858378982549,2.88715530187806,2.83993925821238,2.76021310303603,2.65578654775371,2.56773548254367,2.46124674021432,2.35473438489437,2.27247086585656,2.17895841776353,2.095750448807,2.00493536600673,1.9131796426063,1.84317036512399,1.74071691643497,1.63823703247516,1.5479263314588,1.45251712433203,1.35400629357465,1.2594142799425,1.16523255733444,1.0640819503522,0.990793923472936,0.896571715979612,0.847742456619689,0.757505984772783,0.667806220563619,0.592331434330639,0.52854666936529,0.469067020998439,0.410759705258435,NA,NA,NA,NA,NA,NA,NA,NA,NA,NA,NA,NA,NA,NA,NA,NA,NA,NA,NA,NA,NA,NA,NA,NA,NA,NA,NA,NA,NA,NA,NA,NA,NA,NA,NA,NA,NA,NA,NA,NA,NA,NA,NA,NA,NA,NA,NA,NA,NA,NA,NA,NA,NA,NA,NA,NA,NA,NA,NA,NA
453.091,5.02175643813026,4.7604669336189,4.56312168555775,4.37392101583956,4.22837789295706,3.97513488595578,3.75360915877481,3.5404900231711,3.40697274410439,3.22999988460917,3.11804459875033,3.02395186878581,2.99501049816163,2.95098445839208,2.91164199994198,2.91620517769798,2.90875984033166,2.9392785011572,2.98510590491665,3.02644392427406,3.0591805031972,3.08534590265848,3.1086221007176,3.10422074588895,3.10159620737985,3.0734719095926,3.06480841071427,2.99354912767224,2.947029520436,2.87780567500351,2.79896385470973,2.7315588044814,2.66128186162692,2.55023519507172,2.46307635229097,2.35202443302833,2.2675823025881,2.17689555260949,2.09529916386823,2.029908750026,1.95061312346037,1.86163974218161,1.74783857857922,1.66267081710476,1.55712076413251,1.45733319519115,1.37394168238998,1.28018782636078,1.18935756801263,1.10419138330485,0.996273001736124,0.938476919268837,0.86453787369327,0.77448023059993,0.692619050134863,0.62144948239655,0.554139344503843,0.49334395482257,0.431802856920238,0.379514349953047,NA,NA,NA,NA,NA,NA,NA,NA,NA,NA,NA,NA,NA,NA,NA,NA,NA,NA,NA,NA,NA,NA,NA,NA,NA,NA,NA,NA,NA,NA,NA,NA,NA,NA,NA,NA,NA,NA,NA,NA,NA,NA,NA,NA,NA,NA,NA,NA,NA,NA,NA,NA,NA,NA,NA,NA,NA,NA,NA
454.745,4.71613826107842,4.69322327660303,4.48553470064337,4.42000811369495,4.10007611953118,4.01575264665632,3.7368627395658,3.53327330138409,3.38037244327224,3.28036075017688,3.10181275374557,3.0393965770202,2.96505596723654,2.9415023825594,2.91014282050411,2.9118488356625,2.89936610826022,2.91525261718736,2.95514443965446,2.97584430428101,3.01445602545909,3.04212477581872,3.08465204805841,3.0522950955869,3.08247841607133,3.02702991062972,3.01304074371806,2.96933853937262,2.90822064736676,2.87032642443066,2.81250942989619,2.73490134517909,2.64762867420936,2.57228895938991,2.46458700423139,2.35842305230434,2.27087320682505,2.1882894835231,2.10713024194137,2.04759752511574,1.94673182020491,1.8609600770088,1.76359486780769,1.66023801835482,1.5871258872878,1.47586591846548,1.40275148553101,1.30216490977644,1.21499452139029,1.10848895942214,1.03787433081128,0.970771596069289,0.867780088748918,0.802642440765759,0.715033070731483,0.637805347319919,0.58104431359506,0.518490970242293,0.453045174512842,0.398827512674996,0.358908899812135,NA,NA,NA,NA,NA,NA,NA,NA,NA,NA,NA,NA,NA,NA,NA,NA,NA,NA,NA,NA,NA,NA,NA,NA,NA,NA,NA,NA,NA,NA,NA,NA,NA,NA,NA,NA,NA,NA,NA,NA,NA,NA,NA,NA,NA,NA,NA,NA,NA,NA,NA,NA,NA,NA,NA,NA,NA,NA
456.4,4.90193948353214,4.68346336045202,4.47025853929179,4.26141545654633,4.22009466179527,3.89265835601889,3.7054417765494,3.56069067987292,3.3696189625957,3.24437326572099,3.13419250942505,3.06399615256924,2.98673373505545,2.91955403254196,2.8899722093487,2.87159669129832,2.88851781628803,2.89096474931152,2.91402575058458,2.93112874330042,2.97185533013828,3.02360604055245,3.02924136903655,3.05432494787608,3.06012130962279,3.00339317270644,2.98412406021159,2.94078870832255,2.88647591691844,2.83664544199442,2.79037467518469,2.72958937851418,2.66004826623455,2.55593726555944,2.47935065870505,2.37010240923946,2.28225399832341,2.2003558303447,2.11425403452821,2.04772572220952,1.96174249518851,1.86920170981487,1.79268568260495,1.70001399535608,1.58174243515953,1.50445276210878,1.40059773442381,1.3193976518328,1.23690681016829,1.1451081672227,1.05063751671194,0.975726499702721,0.893966716540268,0.83359500621432,0.743919647337322,0.659416469057539,0.601966405337345,0.544834115537709,0.473064792037748,0.42532560544699,0.371097546975019,NA,NA,NA,NA,NA,NA,NA,NA,NA,NA,NA,NA,NA,NA,NA,NA,NA,NA,NA,NA,NA,NA,NA,NA,NA,NA,NA,NA,NA,NA,NA,NA,NA,NA,NA,NA,NA,NA,NA,NA,NA,NA,NA,NA,NA,NA,NA,NA,NA,NA,NA,NA,NA,NA,NA,NA,NA,NA
458.055,4.76920064302505,4.57439995004165,4.49248810673257,4.31765905809521,4.13043969082855,3.8692054057404,3.67039796589422,3.5254015618824,3.33853533868572,3.20478530868455,3.11214444024263,3.03443800850471,2.96059066606101,2.91605335431313,2.90125064262997,2.85493414499574,2.86261173258739,2.85378596833687,2.89447221457947,2.93932078376614,2.95444483507942,2.98390890547391,3.01969246201915,3.00033719439678,3.00414586300378,2.97756116737175,2.93536086832117,2.91917324205043,2.86831901516403,2.81682713973435,2.77093675452276,2.70456756090311,2.63489795758493,2.54922229836746,2.46537700724416,2.37273808634995,2.29208549548368,2.19949934642215,2.12359640071438,2.04481094539135,1.96343951932293,1.89441991911488,1.78093015045597,1.72020519595042,1.60062275556863,1.52411259674948,1.42242733128903,1.34216639551106,1.25349499291463,1.15418763608525,1.0811058285951,0.992911976219083,0.936629789552059,0.848458446569036,0.76100715399876,0.692340586939309,0.624428368768222,0.562961169237436,0.497787919027691,0.44453706277885,0.397973274664272,0.355101713446341,NA,NA,NA,NA,NA,NA,NA,NA,NA,NA,NA,NA,NA,NA,NA,NA,NA,NA,NA,NA,NA,NA,NA,NA,NA,NA,NA,NA,NA,NA,NA,NA,NA,NA,NA,NA,NA,NA,NA,NA,NA,NA,NA,NA,NA,NA,NA,NA,NA,NA,NA,NA,NA,NA,NA,NA,NA
459.71,4.67635413305229,4.6134192339946,4.42969601131209,4.29807404951008,4.04926119870764,3.83655750762346,3.78806427623929,3.54306114944738,3.29083430564364,3.17949580195002,3.08414017194947,3.01214942272273,2.97888792925709,2.87621899297818,2.85217466422179,2.85325125217897,2.84554064389687,2.83383910574277,2.87516135142663,2.88255549546395,2.91706731368366,2.92520427786371,2.95904865007118,2.96256024148634,2.95593572769011,2.97022554577398,2.91133155160611,2.88814540280017,2.83679523729316,2.79953032738672,2.7375333307961,2.67835935156539,2.61687557510869,2.52226856233562,2.45596401307619,2.36749176658609,2.27503378421097,2.21264618977514,2.11984755074776,2.06265035203483,1.95359294090818,1.8853022333285,1.80572995297438,1.70279791777817,1.63742430353385,1.52916136837549,1.44420043223157,1.35868436121643,1.26845453537359,1.180914164507,1.09363315166725,1.03007564927337,0.935400709148216,0.858921758785248,0.779848057755077,0.722430612324174,0.6415056704798,0.579681542929514,0.519264126405357,0.466599637563695,0.41972491524454,0.376272630109333,NA,NA,NA,NA,NA,NA,NA,NA,NA,NA,NA,NA,NA,NA,NA,NA,NA,NA,NA,NA,NA,NA,NA,NA,NA,NA,NA,NA,NA,NA,NA,NA,NA,NA,NA,NA,NA,NA,NA,NA,NA,NA,NA,NA,NA,NA,NA,NA,NA,NA,NA,NA,NA,NA,NA,NA,NA
461.366,4.6204730648822,4.4256868040155,4.33644416305268,4.23856637459402,4.00569051507804,3.93296658753994,3.67080820962055,3.46697777425895,3.32934645844127,3.20153614187354,3.05835832316276,2.96800970438532,2.91073722148839,2.87908295748054,2.84269760134958,2.80133118180589,2.8060327696479,2.82002243275586,2.82587370529404,2.85020092104358,2.8851263658072,2.90936995960913,2.91275036578929,2.92978738150762,2.90441244524486,2.8684632524955,2.88776115571742,2.83239621180103,2.81943806288744,2.77536716621228,2.73643698564023,2.6761180692105,2.6053174099604,2.52155833309646,2.43564142460026,2.33909442709558,2.25774683222518,2.18576387144251,2.12679047732513,2.03865284950759,1.97060981598242,1.88736837811445,1.81107970627994,1.7132900514057,1.62348708546278,1.52088418898505,1.46083082125891,1.37774249636413,1.28103805467842,1.18765506756611,1.10805628549622,1.01498141080219,0.970889498258733,0.880002205965917,0.801359180974697,0.736796409707436,0.651556588549256,0.58256265890002,0.52573198712496,0.484784539271818,0.436224432154329,0.390611417026772,0.343715925305099,NA,NA,NA,NA,NA,NA,NA,NA,NA,NA,NA,NA,NA,NA,NA,NA,NA,NA,NA,NA,NA,NA,NA,NA,NA,NA,NA,NA,NA,NA,NA,NA,NA,NA,NA,NA,NA,NA,NA,NA,NA,NA,NA,NA,NA,NA,NA,NA,NA,NA,NA,NA,NA,NA,NA,NA
463.022,NA,4.39565086207541,4.33652818121815,4.16174075838837,3.9577383486686,3.81051845358785,3.66340831453518,3.41193271365533,3.34635838747099,3.15007069058041,3.06705598982527,2.9660955548621,2.88628978686013,2.87174319016673,2.83443192890941,2.79466992705751,2.77553380229871,2.80366668010988,2.79598126513216,2.81830635965477,2.84156197708032,2.85268274342368,2.88701342568635,2.85329908800146,2.86545733470899,2.86477283050619,2.86405846350089,2.80846184403029,2.77560699141909,2.76546737611686,2.69432534273723,2.65470038639076,2.55909041773984,2.48175618396487,2.41313142212843,2.32968899627874,2.25783097194257,2.17790136243463,2.12700051092832,2.03617146445792,1.95077754628181,1.88435223477343,1.79184391363392,1.72330085125239,1.62861023352093,1.54231154750668,1.4642897728124,1.37629952613012,1.3157347204002,1.22090021367339,1.1305133252687,1.06198187399329,0.979321724288592,0.906703853705953,0.815002912443364,0.747142259845525,0.674548643161156,0.611144213562344,0.556481497562762,0.503228195693939,0.448930957209793,0.401121833387728,0.34618743703712,NA,NA,NA,NA,NA,NA,NA,NA,NA,NA,NA,NA,NA,NA,NA,NA,NA,NA,NA,NA,NA,NA,NA,NA,NA,NA,NA,NA,NA,NA,NA,NA,NA,NA,NA,NA,NA,NA,NA,NA,NA,NA,NA,NA,NA,NA,NA,NA,NA,NA,NA,NA,NA,NA,NA,NA
464.678,NA,4.44756734582574,4.40131243131131,4.16929243362926,3.9994259046968,3.72015491184751,3.56972948203176,3.3659093551568,3.25859211490527,3.13319336934838,3.02950838380367,2.94613273271625,2.89474973440746,2.80716164212868,2.80324421868061,2.76670554890734,2.75695646986827,2.7336310657814,2.76234012376197,2.78526131422861,2.82112346926157,2.79514891964578,2.83859377034409,2.81826057767877,2.83630292071502,2.8030877268052,2.78749249365279,2.77846554862577,2.73956386909614,2.69513966421394,2.66681486624622,2.60606552780805,2.5458382714745,2.47589532493602,2.38511885777199,2.33504844629922,2.2461372604045,2.16855991280333,2.09594539025353,2.04327197810279,1.96155440225066,1.87931042030474,1.79242994113375,1.70536441826977,1.63396819261107,1.53876375471202,1.46531492947453,1.38712114313394,1.28369257081805,1.2211398957159,1.13832526678617,1.05666993633984,0.996204391187473,0.905630054795838,0.812745168184513,0.753225776789641,0.706194491745664,0.620395091011495,0.578202512019314,0.51823391988999,0.460875307595247,0.427690862106327,0.372276174938421,0.329154470468559,NA,NA,NA,NA,NA,NA,NA,NA,NA,NA,NA,NA,NA,NA,NA,NA,NA,NA,NA,NA,NA,NA,NA,NA,NA,NA,NA,NA,NA,NA,NA,NA,NA,NA,NA,NA,NA,NA,NA,NA,NA,NA,NA,NA,NA,NA,NA,NA,NA,NA,NA,NA,NA,NA,NA
466.335,NA,4.34556319136962,4.26259419324087,4.10018423395506,3.86546214238734,3.73344800148772,3.51740069410587,3.37764330073114,3.27169505283082,3.07902060943218,3.03519416433702,2.89211154651911,2.85019166002156,2.80933928050378,2.7765033713736,2.73356080647222,2.72914910765866,2.71089793465879,2.69637991174424,2.72120191156092,2.7653171327721,2.79124010839435,2.78857184163277,2.79319012647974,2.80502428047171,2.76946094650662,2.7475968276263,2.72550907906587,2.68079577963787,2.66084061278676,2.6154091959144,2.57737080763678,2.51627493218369,2.44932641159104,2.37808483271643,2.28222781837981,2.22183962225259,2.15173813584285,2.07898948422344,2.01916515578867,1.94646962743473,1.88577881781973,1.81032405507621,1.70865846612985,1.63089873840626,1.55752703509399,1.44815167257493,1.38937949051989,1.30023718325047,1.2309056656145,1.14347602065431,1.06592062400635,0.99105203308954,0.916619829990949,0.837100714915981,0.763423490785799,0.697234991202557,0.64066509405503,0.583112414263825,0.532023834830875,0.48609319688857,0.428992733929202,0.376702214673483,0.336979798630489,0.296596319454725,NA,NA,NA,NA,NA,NA,NA,NA,NA,NA,NA,NA,NA,NA,NA,NA,NA,NA,NA,NA,NA,NA,NA,NA,NA,NA,NA,NA,NA,NA,NA,NA,NA,NA,NA,NA,NA,NA,NA,NA,NA,NA,NA,NA,NA,NA,NA,NA,NA,NA,NA,NA,NA,NA
467.993,NA,4.31370366328516,4.05935278238054,3.91997791207134,3.83973290153318,3.65474996849018,3.55303595201807,3.33424706363491,3.1920514450587,3.09912071527841,2.96241370598663,2.91118874186249,2.8324343462433,2.75406633840621,2.72506491768072,2.66774704618123,2.68134948637003,2.65058828889976,2.64720130441211,2.68965557016147,2.68910862072632,2.71155679098987,2.7275953291613,2.73045831416379,2.75268270213912,2.69780657754533,2.69844943757423,2.6838722162769,2.64486328980907,2.61200675131402,2.59079395298007,2.5354363026692,2.48622169188415,2.41501636148082,2.35648991456299,2.26818909317287,2.19775532445759,2.12020198053031,2.05298807451982,1.98128262914502,1.93789988063257,1.86361635687864,1.79477278213615,1.70277916889346,1.61692610703896,1.5313815931873,1.46928088851509,1.38907806579478,1.30878156134736,1.23141619572815,1.13432765354392,1.07810213743106,0.99469326122689,0.929182166052988,0.849852789880535,0.782170806989998,0.714232587374538,0.658526629744515,0.602749654701577,0.538915296777385,0.487581627963141,0.431789757410008,0.393568555001818,0.343918509925153,0.298530138081599,NA,NA,NA,NA,NA,NA,NA,NA,NA,NA,NA,NA,NA,NA,NA,NA,NA,NA,NA,NA,NA,NA,NA,NA,NA,NA,NA,NA,NA,NA,NA,NA,NA,NA,NA,NA,NA,NA,NA,NA,NA,NA,NA,NA,NA,NA,NA,NA,NA,NA,NA,NA,NA,NA
469.651,NA,NA,4.07735767107282,4.04507874978734,3.78417901341626,3.63541998361315,3.44707389346932,3.31508088948981,3.1501125131308,3.0285010635024,2.92381458136421,2.86241826409542,2.81312352490615,2.75075382494531,2.68847255283468,2.66492091425155,2.63366492385126,2.61274220904351,2.63610572071456,2.64921229772934,2.64510928842632,2.65445732800731,2.67101515961039,2.66842403519264,2.68458896310256,2.67519010232114,2.67338461126741,2.61312499772213,2.60391960292368,2.58764952739675,2.56290352593919,2.49928403979307,2.46045618306706,2.37672741683185,2.31420434483382,2.23886209599258,2.16970783357526,2.1087864472668,2.04384446643909,1.98350442226343,1.91071425047899,1.84242344592692,1.76603623630125,1.69442702626573,1.61348258924417,1.52958148284201,1.45051517587575,1.38022122652122,1.31691886782628,1.23803384375577,1.15925094152232,1.08311655097561,1.01549103311703,0.931239464916632,0.86463211816702,0.793257253462226,0.72093492400536,0.667197276212538,0.600036282550379,0.549923593958855,0.509126111609658,0.450570427170083,0.405792095481506,0.36270304502688,0.312983572574266,0.260309221655305,NA,NA,NA,NA,NA,NA,NA,NA,NA,NA,NA,NA,NA,NA,NA,NA,NA,NA,NA,NA,NA,NA,NA,NA,NA,NA,NA,NA,NA,NA,NA,NA,NA,NA,NA,NA,NA,NA,NA,NA,NA,NA,NA,NA,NA,NA,NA,NA,NA,NA,NA,NA,NA
471.309,NA,NA,3.90933782269094,3.82436587680834,3.71291915427393,3.53524971600185,3.45859255637128,3.23915545604458,3.10746592809968,3.01889910696097,2.92092592646092,2.85468217631358,2.79938746205958,2.68828411403478,2.69998195091386,2.62088174134282,2.60858508732408,2.56479460333931,2.59171478290576,2.60115162588322,2.62551276202715,2.63317363916978,2.65010988217171,2.6282557049497,2.64579086759411,2.63047744955209,2.60371437435003,2.59825501867436,2.57228074150611,2.5433774001807,2.4932460570598,2.47693790352667,2.39415462439141,2.348854351508,2.2888355618034,2.23795912040366,2.1597426932548,2.09077245286569,2.03651025142463,1.97379580459914,1.90803271977026,1.85971958111155,1.77187159135477,1.6877317123262,1.61799676326234,1.52115215207845,1.46388367965403,1.36673055316448,1.32275832025938,1.23545213046273,1.16372324470751,1.09768612804234,1.01105062481048,0.931807002562333,0.862950073709704,0.778355123617448,0.739169979249036,0.67027602587083,0.612502412602089,0.562101127020342,0.517016069435342,0.461632860029354,0.423317024577121,0.372926245502979,0.319379612214026,0.283502002729063,NA,NA,NA,NA,NA,NA,NA,NA,NA,NA,NA,NA,NA,NA,NA,NA,NA,NA,NA,NA,NA,NA,NA,NA,NA,NA,NA,NA,NA,NA,NA,NA,NA,NA,NA,NA,NA,NA,NA,NA,NA,NA,NA,NA,NA,NA,NA,NA,NA,NA,NA,NA,NA
472.967,NA,NA,3.9850982046295,3.8718653302905,3.67806539597142,3.5192657989425,3.42159056552309,3.21960817969439,3.08624800467505,3.00735342294719,2.92104617059098,2.82353847295488,2.75649533829383,2.64192243719347,2.62370422741734,2.61500794314526,2.56917815672515,2.57919937169749,2.55654867773107,2.57283035514735,2.56393477621043,2.58092661575156,2.61784251795752,2.61133558631716,2.59127521814241,2.60376103978596,2.57231866476794,2.54707529882483,2.52892898360936,2.50758105287847,2.49156721571114,2.4273637244206,2.39252145323286,2.32357379560045,2.27243974780973,2.20136127710844,2.14444994121538,2.08620204951892,2.04107458364843,1.97287141443499,1.9064942157541,1.83744498700051,1.76580481676657,1.68588559322207,1.59639966007851,1.54350292006817,1.4602714358857,1.39286597117733,1.30774357385628,1.23923764622863,1.164505006592,1.07160514332795,1.02437664672878,0.945888164089415,0.860767803273396,0.80340018700692,0.739616353325951,0.672871098700201,0.635469924842144,0.577253849321557,0.539777910137298,0.480512792041956,0.437564544721109,0.389441466012739,0.331522684535648,0.297965617863558,0.248559369098223,NA,NA,NA,NA,NA,NA,NA,NA,NA,NA,NA,NA,NA,NA,NA,NA,NA,NA,NA,NA,NA,NA,NA,NA,NA,NA,NA,NA,NA,NA,NA,NA,NA,NA,NA,NA,NA,NA,NA,NA,NA,NA,NA,NA,NA,NA,NA,NA,NA,NA,NA,NA
474.626,NA,NA,NA,3.75117030485258,3.6846314069089,3.45193440691853,3.38219877633446,3.1869804830247,3.07903461456838,2.99249573932841,2.87090909591082,2.77263754221933,2.72256689009067,2.65368015796616,2.63953901340257,2.5814453595714,2.53371601141239,2.50257292503417,2.51032366359905,2.52408644763713,2.52411583474227,2.53518952369773,2.56119294105203,2.54195858515136,2.56275191095775,2.54205622163813,2.53947182336233,2.50407270820996,2.50159116519877,2.47617663504099,2.45052349537313,2.39811729262166,2.36551824824193,2.29607337412922,2.24793660219185,2.15671341610465,2.13062455029428,2.04821788465067,2.00568122825841,1.93428072621737,1.87908617959919,1.8272724623744,1.75653804678892,1.68217608677038,1.59710337627837,1.52694570413031,1.43670276031015,1.37907687815668,1.32547625742562,1.25197770802561,1.16749682475565,1.09231754640157,1.03695239015122,0.940122288990752,0.891660199167144,0.817373090033968,0.768249456555253,0.692096926549612,0.635125336587751,0.579724361650255,0.542046772908295,0.495087407419537,0.443271111974039,0.393195034071099,0.341370204943724,0.301623341997107,0.268308008739285,NA,NA,NA,NA,NA,NA,NA,NA,NA,NA,NA,NA,NA,NA,NA,NA,NA,NA,NA,NA,NA,NA,NA,NA,NA,NA,NA,NA,NA,NA,NA,NA,NA,NA,NA,NA,NA,NA,NA,NA,NA,NA,NA,NA,NA,NA,NA,NA,NA,NA,NA,NA
476.285,NA,NA,NA,3.74116319405093,3.6507064852767,3.48777038907503,3.33528259737579,3.19754349550605,3.00328210913277,2.93930226309005,2.82767106355049,2.74398398313894,2.69126886075861,2.66244011845133,2.59486907565244,2.55991882705477,2.51893890986841,2.51659186339711,2.48137803071339,2.4671611573026,2.51452313977891,2.49812693705371,2.51630450276852,2.53862760500916,2.51843055313209,2.49777423505718,2.48338398083046,2.46879283684299,2.45128500210394,2.42937069864891,2.40704430073035,2.37236909349479,2.3280759174413,2.26488057367339,2.21376989280585,2.14677061186297,2.11615750204943,2.04595660813863,1.97926496753568,1.91771230061797,1.87234680863328,1.80864958466936,1.7525148099399,1.68798688297903,1.60500991417055,1.52002420690784,1.44640157819146,1.3884252219369,1.32500355659069,1.24052319049701,1.17197923207515,1.11521845766494,1.0360678744173,0.964776857921985,0.866327546527833,0.81623181411404,0.759408323783477,0.706981499057509,0.64556652120957,0.607546859617201,0.549217580725475,0.498658620016482,0.455208830054749,0.409085789697606,0.363083265710701,0.311184315806832,0.267971262524178,0.232189901376931,NA,NA,NA,NA,NA,NA,NA,NA,NA,NA,NA,NA,NA,NA,NA,NA,NA,NA,NA,NA,NA,NA,NA,NA,NA,NA,NA,NA,NA,NA,NA,NA,NA,NA,NA,NA,NA,NA,NA,NA,NA,NA,NA,NA,NA,NA,NA,NA,NA,NA,NA
477.945,NA,NA,NA,3.6880691711578,3.5948706031896,3.43754241351077,3.25888381463283,3.12105936684053,3.00928401249148,2.91140843010229,2.79600982329618,2.71780205041392,2.67628322242829,2.57653078883836,2.542699864524,2.51714196018114,2.46767655858378,2.44623880608271,2.44615938881771,2.43569859866108,2.44483468757746,2.46163223564982,2.46037813270588,2.48060821474031,2.46191031261826,2.45011896877622,2.42781429149712,2.41171197318224,2.413231647365,2.40878327634736,2.36519576528475,2.3443485907809,2.28739218017726,2.23099190711728,2.17305122982543,2.09891012524981,2.06555925729111,2.01774318302173,1.96386925359228,1.90128715055129,1.84039499863687,1.77856929582402,1.72265501986878,1.66297139736608,1.5814794609203,1.52946766718555,1.43750476026035,1.36561233109393,1.3146741756382,1.22451007530599,1.16532648368586,1.09368694861679,1.04077001354459,0.964990612204322,0.899588060706818,0.804849838965233,0.765249363179975,0.712326869436969,0.654499459521268,0.606211867675681,0.554126126184714,0.513591474083863,0.456130395089668,0.423350793787521,0.37354332167923,0.322868338498261,0.283457921147912,0.244240095032974,0.213373947689057,NA,NA,NA,NA,NA,NA,NA,NA,NA,NA,NA,NA,NA,NA,NA,NA,NA,NA,NA,NA,NA,NA,NA,NA,NA,NA,NA,NA,NA,NA,NA,NA,NA,NA,NA,NA,NA,NA,NA,NA,NA,NA,NA,NA,NA,NA,NA,NA,NA,NA
479.605,NA,NA,NA,3.56067316817805,3.48969066412877,3.38437016435598,3.21349973931478,3.0984685400911,2.9891646718046,2.85719597343888,2.77087546329309,2.70532359800439,2.63637832040811,2.58061051274808,2.52823888840313,2.45573615514479,2.44210360579186,2.41130770504229,2.39493530642097,2.37031180736731,2.36848416378083,2.4175657463349,2.39544271477912,2.4094337237126,2.43063302063679,2.40446015180534,2.39971366944105,2.3689963415435,2.35482292704525,2.35403382554016,2.28821183078701,2.28388341557616,2.24258393034029,2.20656476647315,2.15309585824539,2.10110356446964,2.03849768733155,1.98270440073547,1.94150391830801,1.88426301938046,1.83542892667559,1.78632211142329,1.72099115167918,1.65320072769873,1.57271204527236,1.4932564249938,1.43383689626182,1.36052953219115,1.30696400912468,1.22098661615465,1.15014105877015,1.07789459452148,1.03777768237488,0.967653760722502,0.89875967764278,0.845374748321817,0.772953668019132,0.719414280590821,0.653011065864768,0.613008552969517,0.559932538658267,0.522999270231887,0.473535268923536,0.418311349452503,0.375065000785595,0.334583401998146,0.294754357183298,0.25703589760146,0.222102553388135,NA,NA,NA,NA,NA,NA,NA,NA,NA,NA,NA,NA,NA,NA,NA,NA,NA,NA,NA,NA,NA,NA,NA,NA,NA,NA,NA,NA,NA,NA,NA,NA,NA,NA,NA,NA,NA,NA,NA,NA,NA,NA,NA,NA,NA,NA,NA,NA,NA,NA
481.265,NA,NA,NA,NA,3.47871533776899,3.32955330375935,3.1622937969228,3.09478838666051,2.92054645483386,2.82105127967374,2.73672445313329,2.64423582837873,2.60574010433243,2.5619967404328,2.5038407041006,2.46616921575696,2.42036642900554,2.38175462415591,2.37771638263264,2.36851897942505,2.3604815081299,2.3576031267143,2.36968014373061,2.37818472019573,2.39023836877493,2.37057480813164,2.35063644441368,2.34932269618121,2.34618291849613,2.30701257696345,2.26214075481378,2.2693807845198,2.20957068365345,2.17618481214652,2.11292232228545,2.05248953372917,2.01888175083145,1.94989425588341,1.91695473514787,1.88515341274316,1.8256019206445,1.76071528632161,1.70030810678764,1.63563620835201,1.56442310413733,1.50161903406861,1.44335855460263,1.36264792757328,1.2974856080969,1.23537628223607,1.16791884925639,1.09750640982326,1.03751940700671,0.966122469427208,0.90830058242382,0.832819070171747,0.76722729161989,0.728395519974086,0.671351521609074,0.625076050306294,0.569706286552472,0.530521036957948,0.488782425613855,0.432284672614931,0.392448059867585,0.340276739008944,0.306825984582335,0.271651763149474,0.239438333889517,0.206086790079753,NA,NA,NA,NA,NA,NA,NA,NA,NA,NA,NA,NA,NA,NA,NA,NA,NA,NA,NA,NA,NA,NA,NA,NA,NA,NA,NA,NA,NA,NA,NA,NA,NA,NA,NA,NA,NA,NA,NA,NA,NA,NA,NA,NA,NA,NA,NA,NA,NA
482.926,NA,NA,NA,NA,3.29415846781469,3.30233966301427,3.09726455210713,2.9736284697834,2.87714232615599,2.84144314430961,2.73170171372243,2.62285349379117,2.59945179883429,2.5309640706228,2.45746329843205,2.40939806262138,2.38570469661422,2.37241701070418,2.35670548735002,2.323482377264,2.31768290025022,2.3307732089784,2.34782689148705,2.350815162988,2.31609700711465,2.30631315939351,2.31251560466058,2.29245201621436,2.29573748590161,2.27884515598051,2.26333022414023,2.21458079781965,2.16849811991013,2.14774693723326,2.08577614282695,2.02272744641642,1.98229118006281,1.94363594930539,1.9092253619239,1.84994885500267,1.79751377000165,1.74502353062535,1.67343869611605,1.63338356272304,1.55821902222227,1.50118052823506,1.42970179933131,1.35501216447896,1.29121788389037,1.21937615632687,1.15695394367813,1.09924594147963,1.04466920980308,0.98578962483505,0.900770439886481,0.845104874450932,0.782405617210761,0.726598961663184,0.683597171112835,0.636203870811473,0.580918905815309,0.541077681729003,0.494172702345493,0.442063306967768,0.398918018344653,0.35634083186244,0.323796951123535,0.276093447635794,0.245100001707214,0.224128396386148,NA,NA,NA,NA,NA,NA,NA,NA,NA,NA,NA,NA,NA,NA,NA,NA,NA,NA,NA,NA,NA,NA,NA,NA,NA,NA,NA,NA,NA,NA,NA,NA,NA,NA,NA,NA,NA,NA,NA,NA,NA,NA,NA,NA,NA,NA,NA,NA,NA
484.587,NA,NA,NA,NA,3.38643711045253,3.25184944074972,3.16650229506359,3.02301938442494,2.84671559028249,2.78496211284091,2.72918418131741,2.64075166441425,2.58075839020899,2.50315444587634,2.4316863190535,2.39812847038461,2.34898891403818,2.35824507639776,2.29157444487068,2.29994576809398,2.28489111582294,2.2917083420897,2.30076720360531,2.29372182474648,2.28440177516532,2.28851953745941,2.26038975771801,2.27206225653574,2.26308438885256,2.23850149617858,2.22835228915498,2.19065510803373,2.15053269700077,2.12592230330462,2.05434645387196,2.01922782367853,1.97300200906875,1.92328160074244,1.87318622057339,1.83365609484365,1.79151237877074,1.73048714908841,1.67918758527205,1.61006141365176,1.537382271618,1.46789445254475,1.41901355419379,1.35056057406972,1.29165790959763,1.21358155213852,1.14831699920031,1.09335238593627,1.0400181777106,0.964311547799155,0.906086997156878,0.845777160638553,0.802611645585174,0.736511868519901,0.684403974999228,0.634464802612147,0.59561468029658,0.55301564486749,0.509561960507941,0.451288417199108,0.405515583040313,0.369631597367497,0.330184202054129,0.292455159326476,0.262739420532148,0.226015587577755,0.201365622891249,NA,NA,NA,NA,NA,NA,NA,NA,NA,NA,NA,NA,NA,NA,NA,NA,NA,NA,NA,NA,NA,NA,NA,NA,NA,NA,NA,NA,NA,NA,NA,NA,NA,NA,NA,NA,NA,NA,NA,NA,NA,NA,NA,NA,NA,NA,NA,NA
486.249,NA,NA,NA,NA,NA,3.18490699151531,3.03627171346646,2.91244980476117,2.81068240659721,2.73223446744789,2.66167758071969,2.6087400838067,2.52314340320167,2.47267358817235,2.40368607951555,2.3647526577289,2.31328720113012,2.28691428907119,2.28197343735994,2.25883194708225,2.2366753778121,2.26109931856872,2.24523026749383,2.24430164720117,2.24406607811808,2.2279944786163,2.22663899173063,2.21700925435326,2.20839967268727,2.16997083293083,2.16747460881619,2.14977529515732,2.10692277412178,2.07852527064114,2.02970130865592,1.97349729450048,1.92673633646295,1.89973721826469,1.86368554293216,1.8193938429305,1.77581744474971,1.70026094335389,1.63389387868658,1.60192057763803,1.53216877962929,1.46296441874546,1.39331071356408,1.32757086006651,1.28560543831296,1.21619024189578,1.17913035341216,1.08791325282552,1.0412676542918,0.965175596873493,0.930263332651386,0.844762410398407,0.803684940252576,0.74310078466511,0.684787647511859,0.645570546812652,0.595404499591715,0.552171615805874,0.510071355873333,0.458398067892978,0.414885856236582,0.384363861532311,0.339909389153535,0.300384691304565,0.265670059610261,0.228778813302824,0.210914234799059,0.187315245719512,NA,NA,NA,NA,NA,NA,NA,NA,NA,NA,NA,NA,NA,NA,NA,NA,NA,NA,NA,NA,NA,NA,NA,NA,NA,NA,NA,NA,NA,NA,NA,NA,NA,NA,NA,NA,NA,NA,NA,NA,NA,NA,NA,NA,NA,NA,NA
487.911,NA,NA,NA,NA,NA,3.16959189667237,3.03273998102782,2.93292467914172,2.76275967521514,2.71075649260323,2.62692209320475,2.56115579869271,2.51449020316842,2.43563547863892,2.37874162170738,2.31814028086757,2.27799126262047,2.26660632380178,2.22343306077261,2.20386450447257,2.21839440492086,2.20990575484046,2.2136626863485,2.22775022905205,2.2086879139352,2.2022182588797,2.20185519525441,2.17759187261296,2.15929965578313,2.15262102305096,2.11019066609793,2.09791605898095,2.08310316528089,2.05469386940999,2.00107019957264,1.9613215211072,1.90398564785406,1.86222204701016,1.82403326913471,1.78125778694151,1.74649648821602,1.69240849136295,1.64266749999707,1.57511569620359,1.51626465835073,1.44700806254439,1.38796814753488,1.35061694081046,1.28938783910895,1.21385630604455,1.13519526657409,1.09934940468303,1.01681985877627,0.975905874131035,0.915284804440571,0.850103142450959,0.793490098276651,0.734959107996085,0.691476769497328,0.648488397296419,0.603970100987802,0.55643641475289,0.511365349746046,0.479382237342719,0.427612259741335,0.380526957666289,0.350801486910671,0.302470085114402,0.275569177319283,0.239723682545779,0.219650104254737,0.192514064795117,NA,NA,NA,NA,NA,NA,NA,NA,NA,NA,NA,NA,NA,NA,NA,NA,NA,NA,NA,NA,NA,NA,NA,NA,NA,NA,NA,NA,NA,NA,NA,NA,NA,NA,NA,NA,NA,NA,NA,NA,NA,NA,NA,NA,NA,NA,NA
489.573,NA,NA,NA,NA,NA,3.11453089085181,2.92559504680379,2.87371928090413,2.71265997466938,2.68043547712329,2.58243253064706,2.50336028986261,2.47135243368132,2.43084325113399,2.33819857582789,2.30064941665279,2.25724286039864,2.20013832549206,2.21314283889054,2.188369483448,2.17188467228532,2.18069056976745,2.17728878425304,2.17550674814076,2.16229874825292,2.17433675764349,2.15386471821479,2.13161071666412,2.10930691294079,2.1298881029653,2.08429102994044,2.07739037330481,2.05289561885523,2.02033601845462,1.96216591301901,1.91868949424117,1.8699762166983,1.82625681228657,1.80400106490504,1.75617453803523,1.72570111086512,1.68206019226058,1.61091048798908,1.57076348594661,1.49363471423074,1.44874265221884,1.37907523445741,1.33215766873654,1.26575181104552,1.18903176727835,1.14025924905147,1.07984621224457,1.02028817851622,0.970510883440204,0.916213960462079,0.839750785246814,0.801738673768859,0.742562644663448,0.703290437768699,0.651566389686767,0.617721005766772,0.56380554185282,0.525124834818497,0.48666063301364,0.435039662072168,0.397958188758631,0.354487285211106,0.314697769549207,0.289346167547578,0.255501194805388,0.222950186870576,0.202538953828622,0.175528466513313,NA,NA,NA,NA,NA,NA,NA,NA,NA,NA,NA,NA,NA,NA,NA,NA,NA,NA,NA,NA,NA,NA,NA,NA,NA,NA,NA,NA,NA,NA,NA,NA,NA,NA,NA,NA,NA,NA,NA,NA,NA,NA,NA,NA,NA,NA
491.236,NA,NA,NA,NA,NA,3.03204786625951,2.88747092344151,2.82028215927311,2.74519343079586,2.64705571397479,2.56957910344531,2.47869697567785,2.44281651268855,2.37579266522345,2.30112440712508,2.25449911894045,2.22211266205093,2.17718615992567,2.16336185380453,2.13388515517338,2.14659925809485,2.15057962317124,2.13928944005708,2.13667642729606,2.11830651298906,2.11529031025182,2.08912490816458,2.09274645240901,2.08948395437287,2.0755352325874,2.07210291399037,2.03670232219534,2.00404953671502,1.98184193973551,1.93120169459949,1.90119827361945,1.86689286409472,1.8220431108229,1.78453760351775,1.73153660179574,1.70497372603667,1.64513320286612,1.60173080756568,1.54761699897532,1.48567170971526,1.42503710126513,1.35362791728031,1.31569077861498,1.24699072935724,1.20058992881272,1.12147832300233,1.08856486992311,1.01649527797356,0.972219510095222,0.913188538624928,0.83936532627601,0.811612944485217,0.742911312833764,0.70385112460281,0.657520679494532,0.611367923518988,0.565827334216561,0.533575474969502,0.491250825365943,0.455121221485849,0.397822714268129,0.360019047441335,0.335550194775097,0.29831718236732,0.266985022182589,0.235133300179511,0.214876948621222,0.185526840742276,NA,NA,NA,NA,NA,NA,NA,NA,NA,NA,NA,NA,NA,NA,NA,NA,NA,NA,NA,NA,NA,NA,NA,NA,NA,NA,NA,NA,NA,NA,NA,NA,NA,NA,NA,NA,NA,NA,NA,NA,NA,NA,NA,NA,NA,NA
492.899,NA,NA,NA,NA,NA,NA,2.94161942453385,2.73784622967841,2.68906285991587,2.61785070193441,2.52634914031952,2.49800701970212,2.40395575207143,2.37499138424525,2.29089848247705,2.21456901554906,2.16449894590338,2.1799613870319,2.10812060421346,2.09792377907069,2.11310184418216,2.09182139073127,2.08414099485525,2.08957947761665,2.09626456068316,2.08565608295301,2.06428600409243,2.06495183650268,2.04141120636438,2.03052589735239,2.0222008168885,1.99244905321914,1.94550224803042,1.94622074345443,1.90036835588998,1.85039257360716,1.82692652200345,1.8062290007494,1.73546041835698,1.72477319226532,1.67293948455099,1.62842146892586,1.57310433793231,1.52553929545228,1.47816343773006,1.40246976379493,1.35163851540647,1.29913675293364,1.24360318623504,1.17936592533667,1.12088423067408,1.06769444362903,1.03499663075272,0.970642194480826,0.915926305980142,0.852478268414773,0.790957924804531,0.751696157023304,0.697734483635621,0.666254985691931,0.620068501581028,0.584225599476035,0.543918654392501,0.482316611321446,0.455595896241953,0.414590855370192,0.369783605581981,0.332547239582131,0.296185115002423,0.274987735724855,0.248189635019265,0.21765675540925,0.19085581956025,0.16937003069306,NA,NA,NA,NA,NA,NA,NA,NA,NA,NA,NA,NA,NA,NA,NA,NA,NA,NA,NA,NA,NA,NA,NA,NA,NA,NA,NA,NA,NA,NA,NA,NA,NA,NA,NA,NA,NA,NA,NA,NA,NA,NA,NA,NA,NA
494.562,NA,NA,NA,NA,NA,NA,2.87230337769964,2.74579658902075,2.63321603799603,2.52841962110073,2.49005891836075,2.43735331112108,2.37223995636535,2.28836198662033,2.21660577772221,2.2024333112966,2.14464874588405,2.1236784642158,2.05938544837959,2.06182507238649,2.05754083833321,2.03330850082326,2.05378216167169,2.05122690452371,2.05130357050141,2.03475226957707,2.00726842417212,2.01369321478208,1.98135332776713,2.00582331020165,1.96960245472644,1.95207390894435,1.92526504338429,1.88574276150277,1.87342797562986,1.82290288091206,1.79696902616855,1.74858532942066,1.72861637861513,1.67538309808409,1.64852009193866,1.60252390102507,1.57325050102368,1.49148098919971,1.44244351350711,1.3898696377467,1.33395299466131,1.27591509499191,1.21916360880509,1.18855730984179,1.11043221705186,1.07512288390478,1.01184726928349,0.956542503506794,0.890537059303594,0.853151885175679,0.801757132639408,0.74600553340638,0.694049745211046,0.654985426455351,0.62813994029272,0.587219491222781,0.535539302881245,0.502416658214665,0.453581477662997,0.409051742846933,0.374703901220903,0.342174098663357,0.309421068769611,0.277236423978966,0.255452610908614,0.22367830569452,0.202137278548639,0.176825403328767,NA,NA,NA,NA,NA,NA,NA,NA,NA,NA,NA,NA,NA,NA,NA,NA,NA,NA,NA,NA,NA,NA,NA,NA,NA,NA,NA,NA,NA,NA,NA,NA,NA,NA,NA,NA,NA,NA,NA,NA,NA,NA,NA,NA,NA
496.226,NA,NA,NA,NA,NA,NA,2.7938836256023,2.71397722232685,2.57033065782226,2.50424819971014,2.4393136873269,2.36756832410552,2.33073999334295,2.28407458640984,2.17627156006709,2.15626697471568,2.12218895877298,2.05889406588016,2.03942804886202,2.01301286372604,2.00064158684852,2.01096229325854,1.99899201579114,2.00061128148235,1.99576610406646,1.9695155275648,1.97817701122905,1.96010954710538,1.93923490017436,1.93438827197804,1.92638775640226,1.9126326542488,1.88957057891687,1.85865879981185,1.83744172677265,1.78175590199992,1.75797382004184,1.71399117936285,1.69750114301973,1.66056916326441,1.6208902790371,1.5840645804739,1.5395253075584,1.48423481567216,1.41966425953788,1.3673562560827,1.32900882241342,1.27075580754185,1.20296490749798,1.15279298637373,1.10230213311429,1.05039668837148,1.007261696414,0.964760726601629,0.898420953871745,0.84901476432567,0.792808870613902,0.75927889197243,0.711209039229995,0.667724324144216,0.629857953335967,0.588019752729484,0.54149239972207,0.504964394890882,0.465598691973211,0.428015786056357,0.384337482368492,0.349159927394078,0.323884659445932,0.288224625711059,0.252529279576974,0.229362273413518,0.211216442591876,0.19251898992579,0.16180380583881,NA,NA,NA,NA,NA,NA,NA,NA,NA,NA,NA,NA,NA,NA,NA,NA,NA,NA,NA,NA,NA,NA,NA,NA,NA,NA,NA,NA,NA,NA,NA,NA,NA,NA,NA,NA,NA,NA,NA,NA,NA,NA,NA,NA
497.89,NA,NA,NA,NA,NA,NA,2.72531169104408,2.62596974865578,2.56808408884972,2.46127975585392,2.43204527369423,2.35086381027107,2.29383432425661,2.24541043874612,2.1802008313177,2.10935805069593,2.07880490988146,2.01424534593611,2.00750398356233,1.98169450542844,1.96708099727315,1.97187291052305,1.96388214748596,1.95269306495264,1.93563307297522,1.94452198400699,1.93567815559209,1.92066871560327,1.91807258347376,1.89830248304303,1.89950006530953,1.85473859608981,1.84115685367765,1.82893726593815,1.80352057986408,1.76581378525722,1.70242494753767,1.69797207022586,1.65424283208819,1.63712161508263,1.60523425326521,1.5578762872633,1.52385900146463,1.46057785424745,1.4103367963783,1.35060292632408,1.29303631251237,1.24205445327265,1.19244160223027,1.1374960614052,1.09105476196146,1.03332603775849,1.00890852999598,0.947145118930657,0.895687994505127,0.828340622637844,0.788023378109495,0.748974611180735,0.692587668905001,0.664244659330299,0.627162595556454,0.594670656408611,0.543191855686325,0.506628319244354,0.47571741768954,0.426891803860526,0.390864471727987,0.351314794979123,0.326305187696641,0.296422815423979,0.281572138742351,0.240705430202846,0.220519928367875,0.192560945525446,0.174465099371989,0.146605455769397,NA,NA,NA,NA,NA,NA,NA,NA,NA,NA,NA,NA,NA,NA,NA,NA,NA,NA,NA,NA,NA,NA,NA,NA,NA,NA,NA,NA,NA,NA,NA,NA,NA,NA,NA,NA,NA,NA,NA,NA,NA,NA,NA
499.554,NA,NA,NA,NA,NA,NA,NA,2.59246522291297,2.53329122240292,2.43790926759866,2.39001604924952,2.28488839792326,2.27970496834306,2.17337504143482,2.13352779973156,2.05956970572614,2.03307681285859,2.00610655197323,1.95370907257459,1.91825562172264,1.92775003240461,1.9245855783284,1.9284013067478,1.91575017237599,1.91009900403813,1.88750245116429,1.88584396542012,1.87279408669072,1.8766214958147,1.85144046034212,1.83062829473691,1.82481653576228,1.8078285255993,1.78912498369082,1.76162279166526,1.70895573202639,1.69041627491926,1.64657731872295,1.63951881696456,1.61163587331573,1.57153310457625,1.55025010672293,1.47419173011075,1.42197355249489,1.37558669479072,1.33097720566243,1.2798962427469,1.22845803167075,1.17098272179838,1.14275888598022,1.08720108659826,1.03136770494327,0.980767144305447,0.93478271292875,0.88382731977136,0.839242464930423,0.787383994683631,0.749624800143096,0.705310778990664,0.674434404095918,0.628180984210454,0.596748611792266,0.555676368979362,0.521707907656444,0.470766411452362,0.432026730564367,0.388486009971682,0.362122260338085,0.334518663326825,0.306290774010612,0.276180082746377,0.255352350746656,0.216532921335726,0.202473766536599,0.185513802216057,0.159517242905187,NA,NA,NA,NA,NA,NA,NA,NA,NA,NA,NA,NA,NA,NA,NA,NA,NA,NA,NA,NA,NA,NA,NA,NA,NA,NA,NA,NA,NA,NA,NA,NA,NA,NA,NA,NA,NA,NA,NA,NA,NA,NA,NA
501.219,NA,NA,NA,NA,NA,NA,NA,2.57741481544832,2.44790035320571,2.38156525609624,2.36071188008548,2.25531194606028,2.20095432423904,2.15344350727459,2.07992458688892,2.04083033128647,2.00335875395259,1.95535698015847,1.93009233151614,1.89022103589102,1.86587172381044,1.87232270305074,1.88227259340771,1.86834983094418,1.85257900456566,1.83114652609891,1.83051071895385,1.81883182755451,1.81706680753364,1.81706389974207,1.79989188948854,1.77506173313754,1.76722230659636,1.75362957201219,1.7128858798864,1.66203028758865,1.64360564625373,1.62625530338025,1.6086094776458,1.57391904694146,1.54257793576933,1.50506668866261,1.46256860027737,1.40706418621239,1.35564027825063,1.30236952768901,1.26716620901168,1.22898154211651,1.16991415851221,1.11604658490492,1.05975553814262,1.03156526726729,0.95953945671408,0.921767699320494,0.887453233759188,0.824960091258014,0.777048388190338,0.735678618831454,0.696527637077133,0.667014874422044,0.627973577005315,0.597357600272785,0.559578906236363,0.505348996321184,0.464682422044118,0.442698006055697,0.39627773805382,0.368560715072503,0.32878547601496,0.302344181446071,0.281585015186686,0.253117923731431,0.231898837540773,0.21107856177351,0.186709033901453,0.166778963901485,0.154279237948428,NA,NA,NA,NA,NA,NA,NA,NA,NA,NA,NA,NA,NA,NA,NA,NA,NA,NA,NA,NA,NA,NA,NA,NA,NA,NA,NA,NA,NA,NA,NA,NA,NA,NA,NA,NA,NA,NA,NA,NA,NA,NA
502.884,NA,NA,NA,NA,NA,NA,NA,2.48155028911761,2.46795489090901,2.37315564750304,2.31546417372838,2.22048376268739,2.16659241117315,2.10988150073411,2.05321592402326,2.00756290140657,1.93965612627905,1.90965689240289,1.88078964131056,1.86659413949325,1.85804555498279,1.85064561690018,1.80281021883977,1.83251570327995,1.81707177128448,1.78838277830083,1.7876758254442,1.77930983957932,1.77316361137947,1.77644802117617,1.7802204374345,1.73391305610846,1.7298316739232,1.71037066678292,1.67876814288538,1.64501782763244,1.60265468426148,1.59090129576143,1.57703864021377,1.54251035093755,1.50287787174644,1.47085709303235,1.43977209558654,1.3743050437693,1.34517555376612,1.29138755966508,1.24395524305768,1.20999393882377,1.16085466013728,1.08718739746818,1.05358752569024,1.00227778359853,0.965888858732022,0.909340342128164,0.872459832666939,0.818044566723175,0.766858267586594,0.738426941803245,0.684447264526522,0.653800011454156,0.630755922320179,0.581269731504896,0.552018073156823,0.527117609786436,0.481971547545072,0.43506944332453,0.400377662551254,0.366236348134519,0.345388815363811,0.311562511335405,0.286146892211539,0.266067717538526,0.238027530077432,0.211454045870106,0.196441468929999,0.17489686186785,0.156960482375307,NA,NA,NA,NA,NA,NA,NA,NA,NA,NA,NA,NA,NA,NA,NA,NA,NA,NA,NA,NA,NA,NA,NA,NA,NA,NA,NA,NA,NA,NA,NA,NA,NA,NA,NA,NA,NA,NA,NA,NA,NA,NA
504.549,NA,NA,NA,NA,NA,NA,NA,NA,2.40328494970888,2.29005844298115,2.24114525193189,2.19237395888489,2.12177414294699,2.06942024151299,2.01754528014018,1.94998935854188,1.89786309036614,1.8627053522619,1.82774029739969,1.80282075893226,1.81463502102151,1.78320193667125,1.76451569088077,1.76247625905022,1.75961832500954,1.76219608119154,1.76101525376281,1.7404110191528,1.72961937829333,1.73166065095924,1.69992559599534,1.7014173273709,1.69070346233776,1.63250079997211,1.61776990594944,1.60703073363926,1.58454959967547,1.55081538941154,1.51796160024899,1.52231692112357,1.45885052185408,1.44164764223824,1.41771248360246,1.35417661947468,1.31396297621493,1.25281119542216,1.21818482382138,1.17379192944189,1.13398851482273,1.06825090236667,1.02521795437067,0.989067121963249,0.942554762444167,0.91215979417422,0.863348612288286,0.80084607028265,0.760849243285207,0.731216907173567,0.689158027238369,0.657665858458567,0.613625393351006,0.581941875060882,0.561455725023734,0.499557004302946,0.475022576570289,0.437982979510069,0.408624979091577,0.375966635535492,0.340031615529084,0.313419921134576,0.293706868611504,0.266539346066986,0.242203390554548,0.222495747439887,0.193774412165323,0.177748911607307,0.168063354043916,0.150786557807196,NA,NA,NA,NA,NA,NA,NA,NA,NA,NA,NA,NA,NA,NA,NA,NA,NA,NA,NA,NA,NA,NA,NA,NA,NA,NA,NA,NA,NA,NA,NA,NA,NA,NA,NA,NA,NA,NA,NA,NA,NA
506.215,NA,NA,NA,NA,NA,NA,NA,NA,2.3551557005564,2.25593331766395,2.17640908347951,2.11104983296967,2.07351770952473,2.01469401096874,1.96822678263287,1.93568379929026,1.8683840390578,1.8382692543223,1.80265629925755,1.77699517167122,1.76027719699354,1.75396131006122,1.7448546190323,1.72413383187802,1.72160316197451,1.70101510138729,1.70327989993479,1.6872350960956,1.68897927892444,1.67701910087802,1.67595874647892,1.67059071822222,1.6409208645696,1.61870656468795,1.59517382782934,1.57054534480766,1.55354179643838,1.51267327170122,1.50154554838251,1.47518202064717,1.42494120854882,1.40763008599578,1.38319460846798,1.35494891073116,1.2789168107232,1.23861080053528,1.20298384681128,1.14479017387921,1.11840225707727,1.05598610848477,1.01750749161461,0.990187163457649,0.929867944964797,0.888081554798434,0.85472402743982,0.812476588053585,0.768359368848054,0.709924448758915,0.677618717545235,0.643206946926833,0.618572943916374,0.591432312105503,0.5486502814634,0.526633509006648,0.479329053185496,0.447135652347233,0.410808930435266,0.370791689687651,0.343242191565966,0.318098690837422,0.298474341408898,0.27685821772752,0.249758337341028,0.228157002050553,0.207335311500995,0.177254183267705,0.167302446866038,0.15285099297697,0.1337207647884,NA,NA,NA,NA,NA,NA,NA,NA,NA,NA,NA,NA,NA,NA,NA,NA,NA,NA,NA,NA,NA,NA,NA,NA,NA,NA,NA,NA,NA,NA,NA,NA,NA,NA,NA,NA,NA,NA,NA,NA
507.881,NA,NA,NA,NA,NA,NA,NA,NA,2.28526825958959,2.21004028160544,2.14026793539339,2.06169039290932,1.99826583632848,1.97964934962017,1.95172268444415,1.86432513661331,1.81615915923806,1.78529007949317,1.75579991451064,1.74153525354194,1.70975230380208,1.69241977948434,1.67723698632539,1.6821612451717,1.66745112627045,1.66072362617484,1.66680529181946,1.64914331063488,1.63417416869391,1.63923299254896,1.6235686851936,1.60754806049762,1.59469582436654,1.56826617022277,1.54923508526123,1.52553262185931,1.50725127752369,1.47873826496938,1.46520579236507,1.4327843457151,1.4025576902484,1.37601220814709,1.33978920534077,1.31075697488279,1.2637711583876,1.22188729890112,1.15987183307511,1.12977312911256,1.09738635491681,1.05649746667246,0.990049287218069,0.976258993713665,0.907331045461352,0.890335116227566,0.840599911958653,0.78948989536493,0.755144492663651,0.720196607904361,0.683379587256694,0.640625500375225,0.615551474095394,0.585991127038617,0.546426868290408,0.516342372127808,0.466092853655049,0.447110975649505,0.394261363227257,0.379391612181406,0.350433579236625,0.322782242426759,0.303509212453776,0.281208544007322,0.251930162433889,0.223144001161966,0.205545984270797,0.191875355856661,0.168012338029535,0.161986934154816,0.139158919168468,NA,NA,NA,NA,NA,NA,NA,NA,NA,NA,NA,NA,NA,NA,NA,NA,NA,NA,NA,NA,NA,NA,NA,NA,NA,NA,NA,NA,NA,NA,NA,NA,NA,NA,NA,NA,NA,NA,NA,NA
509.548,NA,NA,NA,NA,NA,NA,NA,NA,2.22556815211768,2.14223671372555,2.08872120031126,2.01462134517762,1.97953899949622,1.93935991956367,1.87614089298213,1.81362503443353,1.78375785609862,1.76329312760253,1.70415097607252,1.68150818249822,1.66568408354145,1.66553541830654,1.64545791823995,1.63017674848159,1.63344343090444,1.61323750942202,1.58538124497181,1.59678532195989,1.59104812616229,1.58708252365264,1.59314937640358,1.56661794544456,1.55195091820071,1.52680446850787,1.5083848594718,1.49196206217337,1.46357772346751,1.43146782944704,1.42760824610913,1.40731304215345,1.3719188375636,1.35197738823086,1.31934996628694,1.2650648281943,1.23378565035402,1.1962586192239,1.14412852357108,1.110071020796,1.05886342726239,1.01764515440874,0.978216656077808,0.947748574410995,0.900000811257776,0.859490340546418,0.819332042266701,0.779412713503388,0.737004205420992,0.707098508429854,0.668964605802573,0.640004682450575,0.613488185189272,0.575600184013898,0.542509070991053,0.515893621878178,0.47983837711168,0.442909353230324,0.416924654354312,0.378020935906011,0.345211039662134,0.317655523983974,0.304901563570861,0.282325002031172,0.256866648221922,0.23367127883845,0.213625170159125,0.192968138165786,0.182256855072709,0.161804884801902,0.146832183856762,0.137598563000026,NA,NA,NA,NA,NA,NA,NA,NA,NA,NA,NA,NA,NA,NA,NA,NA,NA,NA,NA,NA,NA,NA,NA,NA,NA,NA,NA,NA,NA,NA,NA,NA,NA,NA,NA,NA,NA,NA,NA
511.214,NA,NA,NA,NA,NA,NA,NA,NA,NA,2.12044664769097,2.05250032623507,2.01464662984938,1.96644340149928,1.91816949887549,1.83577888875501,1.78575080388635,1.75271264585099,1.71861742949635,1.66458204530762,1.64104927620002,1.62665263737286,1.62237470840886,1.6201602485206,1.59933466470625,1.60351908523577,1.58419072045554,1.57718529972589,1.54914010180566,1.55036687206579,1.55316857924927,1.54744285403448,1.5217298117789,1.51224399843661,1.48685339164769,1.46842522313778,1.44956367124202,1.4247769707384,1.41008584827572,1.39088303536481,1.37526839732202,1.34440093329493,1.30084268844207,1.26257759273739,1.25120274479532,1.21052529526925,1.16490494867669,1.13018348784546,1.09956910834806,1.04183241143672,1.00042352562871,0.953789102014678,0.929689131401662,0.902385970341286,0.844584195307894,0.817476807389939,0.781571148555221,0.732032474682127,0.693614313959827,0.670807877886221,0.629776775589579,0.599015503997656,0.580834680741368,0.542952761338379,0.505444040105155,0.481647612649256,0.447279276407588,0.407675289924047,0.380975647986541,0.354251068098668,0.330130164640972,0.310416880331065,0.284335361710275,0.26079482459272,0.237997591517207,0.217489143923506,0.196174511295935,0.188696931860635,0.173170878447801,0.149252830403437,0.137543294214043,NA,NA,NA,NA,NA,NA,NA,NA,NA,NA,NA,NA,NA,NA,NA,NA,NA,NA,NA,NA,NA,NA,NA,NA,NA,NA,NA,NA,NA,NA,NA,NA,NA,NA,NA,NA,NA,NA,NA
512.881,NA,NA,NA,NA,NA,NA,NA,NA,NA,2.03663398599538,2.03675665227633,1.96044837894723,1.90654299650783,1.87569937043577,1.79999090523587,1.76854247669063,1.71149517461041,1.68073414619895,1.65103496556825,1.62192944154787,1.59512096892127,1.58319041464496,1.55705236562978,1.5416844027569,1.56777085619265,1.54020145193286,1.5331347545605,1.54259501402901,1.54119880516326,1.50650302751222,1.49988990893875,1.50397991840481,1.48498263943745,1.44859963463101,1.42872172471579,1.40540825419387,1.39185644740924,1.38308114427014,1.35573279932794,1.34666828277097,1.30649564767795,1.30042857137165,1.28041999840452,1.22654707099322,1.18395768639297,1.14532699910772,1.09701640032241,1.05845467397729,1.03202858350544,0.989823217447636,0.940574511323531,0.915078772090145,0.885434456102708,0.828585386679747,0.792693357894524,0.756065487884219,0.730760898784606,0.690274426876432,0.657502765217501,0.633790723550102,0.609671405054859,0.568154389661873,0.553360357456123,0.511267368861759,0.46833164043817,0.444107286036076,0.405278356370464,0.384725969788358,0.356523672533459,0.330173365436241,0.304156464879045,0.291627531469439,0.258645674500885,0.239998093891234,0.221159432642662,0.20761888561851,0.200024563537209,0.171238692765976,0.145652464121496,0.144663957555882,0.127814809326437,NA,NA,NA,NA,NA,NA,NA,NA,NA,NA,NA,NA,NA,NA,NA,NA,NA,NA,NA,NA,NA,NA,NA,NA,NA,NA,NA,NA,NA,NA,NA,NA,NA,NA,NA,NA,NA,NA
514.549,NA,NA,NA,NA,NA,NA,NA,NA,NA,2.07305420426072,1.99665839393624,1.92558662993434,1.87992819714374,1.83654285319803,1.78491870873005,1.75206820626619,1.69752959381667,1.64514453344088,1.60933908323526,1.5761338416756,1.57601144523878,1.56850857802815,1.53012377384109,1.550058559066,1.52356634038155,1.49405569533536,1.48463639349762,1.49864997100833,1.48086031122197,1.47308503584544,1.46395801949636,1.46031592483804,1.43857073892338,1.43595935121703,1.42066225943441,1.40043603533789,1.37086134738121,1.35373211693235,1.33965844936147,1.32013566724336,1.27810281125677,1.26554053643032,1.23418775383631,1.21243203560832,1.16146444848879,1.1430453102335,1.08947912362359,1.05245669243352,1.01453294772755,0.969629819573663,0.940361851882595,0.911584826948066,0.860593610442433,0.832831381998215,0.802432977359201,0.765639597156647,0.733811093980693,0.689157645004436,0.657808065678266,0.62009410255142,0.611594789733011,0.579913136244646,0.53032022135808,0.500745870584197,0.489422877592495,0.443679993017658,0.416069995954159,0.369022996294457,0.352285339269481,0.327570581366189,0.309048493838309,0.291349519909362,0.267215852188525,0.248911001944783,0.22642597454325,0.211369501973282,0.190933932265791,0.181122315353213,0.16213087877697,0.143991751231631,0.134308439017107,NA,NA,NA,NA,NA,NA,NA,NA,NA,NA,NA,NA,NA,NA,NA,NA,NA,NA,NA,NA,NA,NA,NA,NA,NA,NA,NA,NA,NA,NA,NA,NA,NA,NA,NA,NA,NA,NA
516.217,NA,NA,NA,NA,NA,NA,NA,NA,NA,NA,1.97566923786045,1.88756614379965,1.86282421668872,1.7999996885982,1.77777339275764,1.68897057608504,1.66232179665065,1.62897932801329,1.58933856660991,1.55288622342392,1.53911829428796,1.53964872755603,1.50211283672424,1.50367804752448,1.49238212246353,1.46987978937224,1.48209781092539,1.47410674346969,1.4545114004263,1.45951508782183,1.44601197751666,1.44178569076073,1.42885748653596,1.41359734261154,1.38228176733017,1.36059236336997,1.36405031713781,1.33582061676619,1.32428443223721,1.31104703955721,1.2706291213162,1.25741622023335,1.21650626120925,1.19082472279522,1.14139087092319,1.10810726689604,1.08146586369611,1.03488141584996,0.99594559530458,0.975267507422754,0.935538737964073,0.897359665483418,0.868926494537293,0.841746925729132,0.795006236973988,0.744698060885163,0.728793167390874,0.685871955290275,0.646688096165401,0.623139966358046,0.598928264623211,0.579940858320576,0.532862984962679,0.518906751454432,0.469360384549601,0.443663981648899,0.426089953819359,0.383175299119194,0.352624576067661,0.333995193993317,0.317484223032841,0.297799611804706,0.269184126363385,0.252688920092891,0.229806694473279,0.216249678144945,0.202584257508208,0.186212857027248,0.166461416666344,0.149548406248252,0.129648392956876,0.1226179624175,NA,NA,NA,NA,NA,NA,NA,NA,NA,NA,NA,NA,NA,NA,NA,NA,NA,NA,NA,NA,NA,NA,NA,NA,NA,NA,NA,NA,NA,NA,NA,NA,NA,NA,NA,NA,NA
517.885,NA,NA,NA,NA,NA,NA,NA,NA,NA,NA,1.94283996111022,1.88342137152431,1.82791124267964,1.80252052635174,1.75204611767568,1.67058665311382,1.63076129321118,1.60318580309043,1.54757069186593,1.52652817535435,1.51098331638079,1.50190779255835,1.495737302934,1.48397754241646,1.47198921806496,1.45426943014153,1.45316092689717,1.44958030269361,1.42334921644229,1.42697618797063,1.41482147980565,1.40745095700517,1.39377442107038,1.37164719884713,1.34867833025828,1.3543598164963,1.34640134832833,1.30803789371809,1.29376256235454,1.282346561266,1.24144354521199,1.22759897838618,1.21012157430027,1.16483351976524,1.13571164771351,1.09924031729139,1.07053209219378,1.02403992461774,0.985448296419766,0.945815802248182,0.90676579918068,0.874547311287744,0.861949391257767,0.813868782931552,0.789263991391958,0.743955584073078,0.719846387641043,0.684279038446572,0.648902789456144,0.616003478769107,0.594812309244107,0.567451367048123,0.537156396532264,0.508198110699368,0.478665629535834,0.445016209213979,0.423566861040605,0.390370362521563,0.357537596482501,0.348367678907845,0.316189897215805,0.301983492290076,0.27490813865388,0.254400358149448,0.231363131270493,0.214369915721213,0.204934498116256,0.194156421853161,0.172006968436359,0.157023898122003,0.13941563168304,0.130327078504028,0.121944127770078,NA,NA,NA,NA,NA,NA,NA,NA,NA,NA,NA,NA,NA,NA,NA,NA,NA,NA,NA,NA,NA,NA,NA,NA,NA,NA,NA,NA,NA,NA,NA,NA,NA,NA,NA,NA
519.553,NA,NA,NA,NA,NA,NA,NA,NA,NA,NA,1.91045774728436,1.88152607510955,1.81944254320668,1.74048269564027,1.71339464118927,1.63023679737495,1.59849751836065,1.56089493429719,1.54276255361039,1.5034370152259,1.47342635816425,1.47281646721312,1.46360629646896,1.4579639530852,1.43391695314371,1.4393523015518,1.41413373643405,1.42641278796882,1.39910384816156,1.39392690224587,1.38402998762712,1.37255990524728,1.3631990809873,1.3523027830525,1.34289645855801,1.32228423776708,1.29573166953058,1.28871877106599,1.27152667417226,1.25055570686856,1.24307848149072,1.2062699464033,1.19278698966068,1.15778636698783,1.13437857020848,1.06772571209852,1.04515782419107,1.01444252690555,0.975186696092008,0.939712579553303,0.896540481989308,0.875958531870295,0.846610101452255,0.804804220213636,0.784851732851669,0.72888460523271,0.703485806110979,0.674661063810706,0.644799976951249,0.62041195791404,0.594379099284014,0.576602292245755,0.54157172102121,0.505489603562588,0.472128994159518,0.445870815435432,0.407401450819975,0.389392425547194,0.364129328392962,0.350575542779634,0.327445243823741,0.29672033990264,0.286579623383725,0.258790629454477,0.238449397518021,0.224825531436887,0.210041973140494,0.190283711334328,0.174248842973855,0.152707608043908,0.147358156600557,0.136826653984237,0.113014941995737,NA,NA,NA,NA,NA,NA,NA,NA,NA,NA,NA,NA,NA,NA,NA,NA,NA,NA,NA,NA,NA,NA,NA,NA,NA,NA,NA,NA,NA,NA,NA,NA,NA,NA,NA,NA
521.222,NA,NA,NA,NA,NA,NA,NA,NA,NA,NA,1.88615236893567,1.8559070957197,1.77630937001774,1.74457549143323,1.69004805610062,1.6478139348404,1.58426195989752,1.53702108873006,1.52350655071295,1.48031185782784,1.4573981805755,1.44542965752906,1.44419747219959,1.43213670240811,1.41599491185316,1.38420611605143,1.39473531081434,1.38802378258147,1.37450177193831,1.37046720403188,1.3666708228717,1.36812111486297,1.34974373075196,1.32677531605158,1.31697654899416,1.29158341395706,1.28094178889527,1.26565237528141,1.25622718968424,1.24039111559955,1.21469366271095,1.19679554909564,1.17234472202013,1.14759034346455,1.11081374590778,1.07037285355635,1.0282330495139,1.01257172110959,0.961694136256775,0.93374908918381,0.889384240000045,0.855644602136594,0.843179505046395,0.796235556495799,0.774781358566526,0.726638177326482,0.695716358950147,0.685421559528631,0.636784128729863,0.62660979708299,0.589567104380515,0.564562812316911,0.542072147491065,0.509876189395857,0.471062901457319,0.453792022701919,0.422589291130139,0.394248442352704,0.36370884675559,0.337968390802716,0.327964592427719,0.302821771902644,0.284497708327879,0.263038535434043,0.244041697717392,0.226409787981307,0.216696914745123,0.200347757842951,0.174039947872333,0.163754165184251,0.152500835528669,0.12978359295984,0.125546470095255,0.115778108478455,NA,NA,NA,NA,NA,NA,NA,NA,NA,NA,NA,NA,NA,NA,NA,NA,NA,NA,NA,NA,NA,NA,NA,NA,NA,NA,NA,NA,NA,NA,NA,NA,NA,NA,NA
522.891,NA,NA,NA,NA,NA,NA,NA,NA,NA,NA,NA,1.79772078664722,1.74548086115958,1.68739883285902,1.66038956965233,1.60506447710878,1.55741590805228,1.50787226703254,1.48139723808476,1.43876005056947,1.43478381180891,1.41471521608762,1.40867750258853,1.40755735563588,1.38175960213345,1.36073272496308,1.37710007315492,1.34300715887991,1.34210362042423,1.32360742278487,1.3357715526894,1.32730979095162,1.31093005735342,1.31262361144788,1.29798024781826,1.27339220097704,1.24775063215588,1.23481998356674,1.22863966949067,1.20414371286832,1.19481088846759,1.16521034562975,1.12760256794984,1.12447090380154,1.08659839065686,1.042857192331,1.02508763666405,0.989976233555812,0.958094619331361,0.908833280486518,0.873544074603878,0.865508218229448,0.830816165756638,0.799697528382184,0.764096011524062,0.723537322002575,0.694560078714853,0.674618773384006,0.634163246387519,0.614021569024277,0.583920313490221,0.577915203598259,0.535737075928473,0.508679211226584,0.453931489776597,0.437462227762514,0.416241761726961,0.38852525382243,0.370003411566518,0.34363945392761,0.32692174561893,0.309745397347869,0.281882058118443,0.262915587537418,0.249148441183888,0.227239219733303,0.217833534066948,0.206315802269827,0.186531999791557,0.166340734735404,0.148075347082206,0.141660281882713,0.118392357521293,0.11308196046633,NA,NA,NA,NA,NA,NA,NA,NA,NA,NA,NA,NA,NA,NA,NA,NA,NA,NA,NA,NA,NA,NA,NA,NA,NA,NA,NA,NA,NA,NA,NA,NA,NA,NA,NA
524.56,NA,NA,NA,NA,NA,NA,NA,NA,NA,NA,NA,1.74164111863709,1.67633725200379,1.63562147068291,1.62810554371535,1.56012293072943,1.52350561444084,1.48286214464426,1.44159109283929,1.43083430145136,1.39014306740986,1.38233715774056,1.36159454295274,1.34846447687766,1.33602087922259,1.32942455418673,1.32171160566667,1.32241557519222,1.32064546234694,1.31620196528318,1.31041392019624,1.282902250504,1.27878424253636,1.27479941326308,1.25926995996559,1.23704323647457,1.21278028156703,1.21574879324283,1.19445875931463,1.17238631169243,1.16298149748438,1.14402795991702,1.12165385314967,1.08964666105309,1.03815358137859,1.01408958165816,0.984186981922804,0.960979543369455,0.936362479180936,0.903494438502748,0.860521562586759,0.829692785693482,0.808317483510141,0.777386851412018,0.746574501262116,0.714345256148328,0.672880748008292,0.651416298492236,0.625647391937794,0.60217803802658,0.58111999465586,0.544110537809425,0.53115543554822,0.498839464755592,0.465057778668126,0.442257855886229,0.414414020814439,0.390051456585305,0.368215570210548,0.344614322313352,0.322988743925872,0.309983917110535,0.285460317315159,0.261777391894064,0.247081012375516,0.223805806859564,0.212409110659296,0.204419336121563,0.1759117273639,0.161089629547168,0.153899655546924,0.138657378068127,0.124735902057886,0.108717414813351,0.114394601939227,NA,NA,NA,NA,NA,NA,NA,NA,NA,NA,NA,NA,NA,NA,NA,NA,NA,NA,NA,NA,NA,NA,NA,NA,NA,NA,NA,NA,NA,NA,NA,NA,NA,NA
526.23,NA,NA,NA,NA,NA,NA,NA,NA,NA,NA,NA,1.70828874497722,1.67210004936005,1.62536274012651,1.57362345758064,1.53390595930828,1.46504738626535,1.42312569744297,1.39790724547069,1.35654039218364,1.35554061667766,1.32725217104744,1.33313988238264,1.30832990075533,1.32150214215979,1.276953255505,1.28083285308184,1.27870904908353,1.25185136727417,1.25036558253036,1.25697886707402,1.23735429168502,1.23225661169374,1.22744285526828,1.20572270136181,1.18770085507292,1.18351386916237,1.16556291549329,1.15089399583349,1.1403260044282,1.12809514791966,1.11240511686681,1.06620054077073,1.06117038984396,1.01679173941627,1.01459993963922,0.966701964640137,0.939911790595405,0.910861043905278,0.866868910864904,0.844365712527378,0.799328307840507,0.795149640615723,0.754795556757815,0.734551286669743,0.695661125677237,0.675480606570496,0.639793110129359,0.617363808813709,0.589129097280605,0.568297390373139,0.556898008144076,0.518503713525932,0.499553670258019,0.463847929534343,0.436477533706438,0.41085326594374,0.389054052186575,0.365143177227677,0.343887168660197,0.324200670652442,0.306294416031906,0.287184660632798,0.263289012809799,0.248617524173754,0.228926371836057,0.221954840976424,0.193181548945258,0.184979583078542,0.175702337370856,0.15758896894877,0.140867329266452,0.133579890620703,0.11584126521554,0.106829293358838,0.0931317500431545,NA,NA,NA,NA,NA,NA,NA,NA,NA,NA,NA,NA,NA,NA,NA,NA,NA,NA,NA,NA,NA,NA,NA,NA,NA,NA,NA,NA,NA,NA,NA,NA,NA
527.9,NA,NA,NA,NA,NA,NA,NA,NA,NA,NA,NA,1.63011706729655,1.60333654134092,1.55586322731237,1.54089781553896,1.47532856796633,1.43600561988611,1.39404199188774,1.35794491702331,1.33021314032288,1.30840822027447,1.29726658355859,1.28836711741314,1.2768392739696,1.26353797378523,1.24291136281875,1.23335178264908,1.23139014766457,1.24291472696907,1.21593579233143,1.22422612235737,1.2094765092404,1.20688716636965,1.19412391265126,1.17579378820209,1.16853322343362,1.14219551772798,1.14092430387242,1.1270355097783,1.10480306520057,1.09194732997738,1.07019725926819,1.06238221908925,1.02767327822998,0.995627133236575,0.966928082902194,0.948348198569412,0.903069310838449,0.869199924411469,0.853147667735575,0.807843227834034,0.790902931152632,0.759316097491528,0.722603649617033,0.713943684584942,0.671511035551736,0.661178897214854,0.633679118669333,0.603994612020339,0.573861983198027,0.557291382646182,0.545652227419376,0.511979350577786,0.481319646456484,0.457368165851032,0.43093217626389,0.40335376437247,0.381287681280417,0.354638428393811,0.337091464353551,0.321821220301179,0.305781511254335,0.279119852766992,0.257823731754806,0.239880045678599,0.230751569141714,0.219497604928035,0.20731062353902,0.184068260538062,0.167097202475591,0.154761007222006,0.145284629883008,0.130396221515715,0.117926105251479,0.111102773967103,0.0973264482955914,NA,NA,NA,NA,NA,NA,NA,NA,NA,NA,NA,NA,NA,NA,NA,NA,NA,NA,NA,NA,NA,NA,NA,NA,NA,NA,NA,NA,NA,NA,NA,NA,NA
529.57,NA,NA,NA,NA,NA,NA,NA,NA,NA,NA,NA,NA,1.56473358896219,1.52129975852805,1.47068703776172,1.4288175973752,1.37781468576319,1.36628386815334,1.32445122453123,1.29927682478469,1.27242826421274,1.2510388221149,1.25003447865306,1.23581511079049,1.21259025230245,1.20763500986029,1.18658085587429,1.18110528397757,1.18382836981101,1.17914109144811,1.17384943485762,1.16796219042352,1.15672482936505,1.14204177552483,1.13471443173115,1.11149689157631,1.11474799670628,1.10280090173095,1.08403834631476,1.06395396893184,1.04980447482623,1.05659490977937,1.0252061750453,0.998125143687183,0.957706674393988,0.928022536871719,0.916325643608062,0.893966812895045,0.86252825766644,0.826632564079368,0.794824071572139,0.773981652377594,0.741113833805325,0.730943803533252,0.687515002035941,0.657382127721291,0.643333033305642,0.617670487264863,0.588311008651706,0.556966920041499,0.546780071347488,0.533313393814635,0.495119991824257,0.479692342780906,0.444055535535442,0.424991547423371,0.39583438460275,0.366370236196311,0.361442140060888,0.33497626603484,0.320491575537931,0.294618405285519,0.279015099643452,0.26031323205234,0.243743072510207,0.232923505516585,0.225856353978003,0.208898057885032,0.184223428115772,0.17832958005639,0.161700812251472,0.146447074173495,0.130535916707795,0.119860108064375,0.115204235633669,0.101845853134131,0.0853585762042589,NA,NA,NA,NA,NA,NA,NA,NA,NA,NA,NA,NA,NA,NA,NA,NA,NA,NA,NA,NA,NA,NA,NA,NA,NA,NA,NA,NA,NA,NA,NA,NA
531.24,NA,NA,NA,NA,NA,NA,NA,NA,NA,NA,NA,NA,1.5131536345373,1.47757735929644,1.40891223769161,1.38105619998393,1.33166324801515,1.30068633904466,1.26355491761242,1.25712694136817,1.22490863600213,1.21759399075605,1.21654486726863,1.19377243404452,1.19320637179871,1.17763560040257,1.15677137875396,1.1635488753319,1.15291292276575,1.13995495239762,1.13206645474395,1.12572627834526,1.12088106565041,1.10718578224024,1.09637046560556,1.08727314070187,1.07300348177791,1.06462033425199,1.05548692761113,1.05204049214451,1.03819232539907,1.00165423285154,0.990447805140981,0.972136233110037,0.945221925300454,0.923317228883036,0.868708343034109,0.855662742819529,0.834158002150508,0.800032485240866,0.765261198174852,0.752044272506472,0.729548401335862,0.699740522406782,0.683023003524494,0.652739418432865,0.628137273344391,0.593683592080841,0.582367361769956,0.556667630444482,0.53822053825779,0.50480701587129,0.496150927630096,0.463386633735121,0.43323884089984,0.416797125835924,0.383315221896796,0.361536903792482,0.347511586627906,0.332451021921127,0.317616645746641,0.291521003135997,0.278918589665729,0.260251433489358,0.239393290326777,0.227531479632829,0.211298431163367,0.206325697109865,0.182287081307043,0.170338253057528,0.156958718350832,0.152820632743207,0.125672039800771,0.118802334029886,0.115922248194729,0.0960569236057813,0.0838942437184445,NA,NA,NA,NA,NA,NA,NA,NA,NA,NA,NA,NA,NA,NA,NA,NA,NA,NA,NA,NA,NA,NA,NA,NA,NA,NA,NA,NA,NA,NA,NA,NA
532.911,NA,NA,NA,NA,NA,NA,NA,NA,NA,NA,NA,NA,1.47743899238839,1.42551886032794,1.40433538458021,1.339342896799,1.31575543988088,1.27437752582248,1.25079986560018,1.20758508394049,1.18674681804585,1.19838140603041,1.15805872923667,1.16300307605832,1.13922009077196,1.13003673861567,1.12045715074834,1.12110716014902,1.10672905154671,1.10663708081407,1.10464963678745,1.1006379779495,1.08426799601851,1.07125526816596,1.07066999698736,1.05048006749931,1.03875570813624,1.03515742780638,1.01851733991816,1.01647423263165,0.990838706677402,0.96989826822615,0.97138711069185,0.948057387033084,0.909837015236984,0.881493016067714,0.879879743599344,0.819560651857804,0.809408655652126,0.786769095856617,0.754758309618116,0.728814323793671,0.702317213512538,0.672803488614411,0.649193266940367,0.631457824119423,0.597814973802085,0.583740936776712,0.566168434435843,0.540401667220374,0.523892359400065,0.508524548158082,0.484384299915488,0.455434597529105,0.435910679653419,0.411291542465065,0.388431513561271,0.360440138865005,0.343652480584984,0.328324427152721,0.309363036334898,0.296115604751064,0.270960558603603,0.255195326793608,0.239605481007232,0.229177517872647,0.217875524345532,0.198363447175885,0.178514482036435,0.173867708233728,0.168341677009374,0.147493801710139,0.128002228633421,0.11976774896883,0.113072336214088,0.0993270224882078,0.0879144589525251,0.0733222827373452,NA,NA,NA,NA,NA,NA,NA,NA,NA,NA,NA,NA,NA,NA,NA,NA,NA,NA,NA,NA,NA,NA,NA,NA,NA,NA,NA,NA,NA,NA,NA
534.582,NA,NA,NA,NA,NA,NA,NA,NA,NA,NA,NA,NA,NA,1.40643997457483,1.37160934811017,1.30824284807433,1.28099426632236,1.23577911405448,1.20908090677236,1.18374802506028,1.1649276985878,1.13886678224738,1.1302433331182,1.11961247190868,1.11537674594413,1.09025469186208,1.10314487573571,1.07777830039977,1.06570850541974,1.05540279953597,1.07203673149904,1.05640511042272,1.05509601320977,1.04505990885534,1.03199726948571,1.01499519423795,1.01453538054046,1.00542438616258,0.98879056642451,0.976048869750045,0.977418768972462,0.957047406068337,0.929454991531129,0.918156932335215,0.897099675604638,0.866038343389965,0.843470895356423,0.818143273416591,0.782418187713487,0.754366809922894,0.727919739762606,0.710692942567938,0.694070281334933,0.670177656402082,0.626766119402349,0.629699041828974,0.600778214565738,0.576274253864883,0.554585196313011,0.531684947133409,0.522458129587574,0.507505254210043,0.46773975199288,0.455012808630108,0.418896991099798,0.398676227535062,0.386291552543889,0.35987812927466,0.341074268677101,0.322159789041409,0.311972415457227,0.291781752802079,0.266088493566468,0.252667198757739,0.241666927639977,0.229097890895674,0.214138232628715,0.200143881680664,0.183990233968255,0.179505257575016,0.158976295391172,0.141679673018714,0.140209642381577,0.135657841070127,0.119275722857671,0.109302015292682,0.0939999426352918,0.0824164222157957,0.0779677588018962,NA,NA,NA,NA,NA,NA,NA,NA,NA,NA,NA,NA,NA,NA,NA,NA,NA,NA,NA,NA,NA,NA,NA,NA,NA,NA,NA,NA,NA,NA
536.254,NA,NA,NA,NA,NA,NA,NA,NA,NA,NA,NA,NA,NA,1.38984590604866,1.31452157511879,1.29680893820315,1.25877978818307,1.20967758988508,1.18310512996953,1.15159032573054,1.12389802656524,1.13414651851196,1.11542492602932,1.10908133674153,1.09215769316029,1.07595147723588,1.05999517152586,1.05167274363237,1.05013583048518,1.04312592927424,1.05034680209111,1.04489060257223,1.01864564855291,1.01239503516231,1.00480216773683,0.998745151014815,0.987925207751724,0.973744187429288,0.963483956749543,0.968583128978512,0.952520025702629,0.924495114667734,0.924272685755347,0.89918761616518,0.852464370249912,0.833879708623122,0.824700846415892,0.790656431361934,0.770520041787409,0.743709401122415,0.717122517059808,0.694580432289796,0.687628608329102,0.659798073613682,0.629554738384925,0.605828732056424,0.593735940258538,0.577800580863343,0.547563437891439,0.520751998438378,0.502261350738086,0.478577707429771,0.479064290538979,0.44567154961593,0.421341150914031,0.397131889596216,0.391370504647138,0.357450056639581,0.328853567317063,0.311599622709896,0.301313621875338,0.290218485153976,0.268806042810233,0.251225258326963,0.2381746426658,0.227245002195032,0.216874121179421,0.210369977230095,0.19035921545791,0.168254116842687,0.158354088730623,0.150303597506059,0.138709242476158,0.128815638580582,0.125822166918348,0.107699778705012,0.0907776726545062,0.0857735167077715,0.0737978306092122,NA,NA,NA,NA,NA,NA,NA,NA,NA,NA,NA,NA,NA,NA,NA,NA,NA,NA,NA,NA,NA,NA,NA,NA,NA,NA,NA,NA,NA,NA
537.925,NA,NA,NA,NA,NA,NA,NA,NA,NA,NA,NA,NA,NA,1.3528714249294,1.31291062694986,1.27151268338311,1.20883947983171,1.17739572019837,1.16101414958198,1.12884558169995,1.12570699834812,1.11936465233735,1.08600456578376,1.07550432578818,1.0675969492197,1.05655640251493,1.05475814083201,1.04069932587156,1.03421856597338,1.02728762377256,1.00912017561482,1.01004238892655,1.01192492775828,0.980826062515091,0.986319569517191,0.978110174764495,0.979751021553266,0.955518058864074,0.952412022326982,0.949334298430555,0.925685477990198,0.912476651548207,0.897539368770804,0.875980241236011,0.845128098653511,0.837661915522106,0.805543159241011,0.790524356736526,0.763483414954341,0.717658290483265,0.703549557645734,0.697028794198011,0.653112077568125,0.64347841629748,0.616518887854309,0.604313930794642,0.579780164473718,0.554663137634312,0.539730531666305,0.519202679724221,0.496461775546768,0.483268568537888,0.466262789454742,0.445152251012344,0.423085848323845,0.397778578842909,0.378238467105273,0.356953260590287,0.33696987240279,0.314327949133596,0.303497570751335,0.284835505396167,0.265490421375161,0.25247550602209,0.238976183090739,0.22690214971407,0.210858167364527,0.199535001448475,0.185226149766652,0.17209019966936,0.158209962403225,0.146265538406573,0.140261525630094,0.125530949213755,0.12296862197198,0.110695220555195,0.0843148005876296,0.0725869793893094,0.079176572062481,0.0748744749733843,NA,NA,NA,NA,NA,NA,NA,NA,NA,NA,NA,NA,NA,NA,NA,NA,NA,NA,NA,NA,NA,NA,NA,NA,NA,NA,NA,NA,NA
539.597,NA,NA,NA,NA,NA,NA,NA,NA,NA,NA,NA,NA,NA,1.32587253806418,1.29879764249651,1.25598833520945,1.20246904495309,1.161004672513,1.1352510179187,1.11366905496776,1.09135670618983,1.07887568380183,1.06710977562719,1.05685221325184,1.06071912957221,1.01610673859486,1.00450991316419,1.02575599069004,0.998710860371644,1.01489578837266,0.994594802932104,0.999932535917836,0.990723687053267,0.983249971682142,0.964323747074324,0.958923067483041,0.943484544578528,0.934493093686216,0.933078851805008,0.915368362729792,0.915678691175905,0.897652641031642,0.888341357317692,0.851175659329261,0.84395561608632,0.804730146815666,0.792463537631142,0.776211928868175,0.733793348189928,0.7180799190976,0.702302320885299,0.682358029612294,0.662252565178084,0.634227546694316,0.612968447922201,0.5972068790306,0.571560424221968,0.548508221026445,0.526474817514868,0.517498231423057,0.504108342710146,0.489000666584429,0.454190514294641,0.434089127209237,0.415163880650305,0.396215024727347,0.376064475132474,0.350534316988168,0.336561835753997,0.316521125443753,0.301959278574436,0.288115628259474,0.266313216254288,0.25364306835096,0.240049838491825,0.220719588371932,0.21972104807521,0.202092051477483,0.180517224494077,0.170974858336479,0.160613653940746,0.155487246166273,0.140684892558866,0.140388255977351,0.12219499071239,0.10348156660873,0.092572815731629,0.0822174116111186,0.0798377064358789,0.0812699598794157,NA,NA,NA,NA,NA,NA,NA,NA,NA,NA,NA,NA,NA,NA,NA,NA,NA,NA,NA,NA,NA,NA,NA,NA,NA,NA,NA,NA,NA
541.27,NA,NA,NA,NA,NA,NA,NA,NA,NA,NA,NA,NA,NA,NA,1.25277586245124,1.23079859392279,1.2015274681264,1.15846544916547,1.14350993550063,1.1004285220862,1.07748426049397,1.05563265512402,1.04552355791658,1.05023389372298,1.0339875477536,1.02097164038644,1.00673052009169,0.999578301739696,0.984656849502541,0.982359072764834,0.97208679028737,0.980253755268928,0.968715150099514,0.95375317219825,0.944731395414796,0.926053493915338,0.931833387884102,0.929801620143312,0.914937064871199,0.898505176249299,0.905727267726461,0.869889956609471,0.869319981734728,0.8571796199064,0.816819246845609,0.799178376629685,0.784956257358173,0.740836635399977,0.733255582107442,0.715367288697636,0.694762736858459,0.672690576984425,0.649043940907262,0.636506427953237,0.612888405068087,0.582067561115967,0.574537369781034,0.547720483961799,0.52271319041827,0.504146869123258,0.491111988764443,0.482615457438996,0.466226362554502,0.44320970612335,0.407917811016489,0.391081863478612,0.374280172280518,0.349037478621252,0.333012221287485,0.315809835603262,0.300072195008195,0.284845156461127,0.275525250904909,0.251208918650444,0.242586748394851,0.228093313799395,0.221060403409478,0.203645208439954,0.192895732763066,0.178304845095224,0.162668538215073,0.16251274710423,0.1487098436318,0.123421902848405,0.11893642048014,0.103125455104334,0.0960948764164991,0.0922006495931209,0.0818072432479926,0.0663984992501652,0.065952504794715,NA,NA,NA,NA,NA,NA,NA,NA,NA,NA,NA,NA,NA,NA,NA,NA,NA,NA,NA,NA,NA,NA,NA,NA,NA,NA,NA,NA
542.942,NA,NA,NA,NA,NA,NA,NA,NA,NA,NA,NA,NA,NA,NA,1.22650168095592,1.2145009641887,1.17471123861678,1.1334795316139,1.09526455575384,1.0696901335104,1.06403696437016,1.03343317990366,1.02819355226939,1.00770481013538,1.00562753200393,0.988870263031233,0.994753825921312,0.994529988444691,0.976171275894049,0.961939405192722,0.965272397042088,0.961895175231132,0.944990951293718,0.938342234702643,0.930437267405189,0.925094442209584,0.919371868048882,0.917112916617738,0.903395455401535,0.895683934585316,0.882399403430008,0.86687423954846,0.858886202179532,0.835951577701434,0.804048119441676,0.789037092959069,0.769587510770481,0.737953363953013,0.71448346343666,0.701524317575442,0.689926288084076,0.662293065983383,0.648169899787773,0.618554067513587,0.592949622339587,0.570272691541096,0.56407617423244,0.534441006508251,0.512519718021117,0.499194422219828,0.485832317088198,0.474196699354955,0.448451910714241,0.427803578682257,0.411206355202391,0.380480921523613,0.371172567172966,0.344568538479355,0.337234934850434,0.321968929883668,0.294349231342016,0.292853171945938,0.270676267781069,0.256805471044698,0.239886061583265,0.229722751679004,0.221101346385188,0.208824121878712,0.19221282367191,0.17810694368303,0.159294329416499,0.155689187777623,0.145258318810862,0.147567552795148,0.123571564004266,0.122995622305905,0.100459122385934,0.0972727416824062,0.077381575778701,0.080444830355952,0.0628254219464187,NA,NA,NA,NA,NA,NA,NA,NA,NA,NA,NA,NA,NA,NA,NA,NA,NA,NA,NA,NA,NA,NA,NA,NA,NA,NA,NA,NA
544.615,NA,NA,NA,NA,NA,NA,NA,NA,NA,NA,NA,NA,NA,NA,1.22736852207297,1.1782162725092,1.14680394616977,1.09494508053414,1.06943723248164,1.06247325826864,1.0486117609622,1.02104710171714,1.01306570589705,0.995834868392608,0.997108928046619,0.973465587216699,0.959555890981471,0.94883226667462,0.946567684871653,0.943849443691688,0.943116768908361,0.928177627802852,0.933158648530409,0.926772036855377,0.91696964439193,0.90605302881679,0.899209757399734,0.888298440767052,0.890521081934773,0.872278688784418,0.871957521340621,0.849824973364515,0.840683213232976,0.820121279569008,0.798919913747446,0.780070964242727,0.748844162619526,0.737119567836409,0.722038053019838,0.690351958572656,0.673870899778957,0.659449931112654,0.636302966344209,0.61020165788332,0.582573462009488,0.573536040791778,0.554940182629737,0.536681839424468,0.504787597922185,0.494570414754195,0.473474169629508,0.464345662641354,0.45352340627818,0.425964723967931,0.41315107007675,0.377121030880187,0.360184832168725,0.349717282658398,0.331739572165597,0.309561483745111,0.305440565277931,0.280862229930038,0.265757159493587,0.254906456062752,0.238903923389399,0.232209694989473,0.225095338451431,0.205643780466553,0.189096282344819,0.177723464681095,0.168725079945847,0.160212898837739,0.142653106538618,0.133874326436251,0.123289904386919,0.118190441070381,0.108087212883886,0.080695500710573,0.0723758886346855,0.0710907615048608,0.0633924979796658,0.0478674604082913,NA,NA,NA,NA,NA,NA,NA,NA,NA,NA,NA,NA,NA,NA,NA,NA,NA,NA,NA,NA,NA,NA,NA,NA,NA,NA,NA
546.288,NA,NA,NA,NA,NA,NA,NA,NA,NA,NA,NA,NA,NA,NA,NA,1.31632975531822,1.12108771434346,1.09260383657179,1.06648118055676,1.03476697457719,1.02117231612337,1.02140760050368,0.995275571563376,0.987059606899412,0.961339331028023,0.956991929924729,0.939057836850236,0.92370524376076,0.928957797823083,0.925429547517266,0.930761602178574,0.912867203836615,0.904872112231393,0.907927299221778,0.887372287341198,0.883015335898179,0.870121813698406,0.875857733966661,0.853260296405944,0.854728822127043,0.855698361108665,0.840336905483735,0.814826757803497,0.797655243729702,0.790762830611909,0.755757354573138,0.739718226022885,0.722511743904043,0.70908043435941,0.675398270864227,0.657521743209575,0.641721316240471,0.620250266702963,0.599026042016482,0.590385366991314,0.563938604570056,0.544680675120074,0.525795989383343,0.501771464397361,0.497217986269547,0.486000800975865,0.464720585477937,0.438538767133791,0.412009097080901,0.396622726034689,0.385755958412879,0.364865737783146,0.342266284050079,0.320425734562651,0.318459835202244,0.298485409704037,0.284954038736682,0.273435773452931,0.251158995943282,0.238516927747882,0.226653104545072,0.222544044208256,0.205510156564662,0.183528452657633,0.185885128223626,0.172039451472195,0.165208928854259,0.157370188284955,0.132243299574838,0.12224114821935,0.122444821126937,0.110883581672318,0.0993464255632312,0.0826081762480219,0.079912276978255,0.0613300611251197,0.0674621575654189,0.0466977768206551,NA,NA,NA,NA,NA,NA,NA,NA,NA,NA,NA,NA,NA,NA,NA,NA,NA,NA,NA,NA,NA,NA,NA,NA,NA,NA
547.961,NA,NA,NA,NA,NA,NA,NA,NA,NA,NA,NA,NA,NA,NA,NA,1.11741632512916,1.07959233747379,1.05726494130529,1.04897447854232,1.03001746958163,1.01490195770847,0.980703190248393,0.956554556490189,0.950205891823099,0.953575899930096,0.919504755646423,0.914212290447127,0.901484317814119,0.916676912468262,0.895869245434943,0.89626267205892,0.89135059940345,0.889267281830791,0.890515462028339,0.870491636082854,0.858705856024306,0.844690066591544,0.84173015296039,0.840660513840137,0.832289941128235,0.829655567732115,0.817785523577919,0.80047877768581,0.771337036397664,0.756747160150765,0.749868009487659,0.728810865665733,0.701260752846264,0.678194907481487,0.680432420668369,0.643592995171053,0.634625358447569,0.607819459307366,0.5985800812836,0.569009249863182,0.545308522133946,0.531142567061768,0.520170976891876,0.503473040228161,0.473863725928393,0.472713094195032,0.459172953027743,0.440378884818202,0.420928999176392,0.396208580670289,0.379882200743415,0.362816280233875,0.348477586426209,0.32020872328394,0.312919374511955,0.294755119214707,0.275182327776686,0.26270364908605,0.252617154412211,0.236359050106161,0.223538162615585,0.210877855312284,0.199603424806413,0.194906560109791,0.169492947959111,0.166378738347401,0.15274286813102,0.140137394297473,0.139854705607274,0.130614395830595,0.114898816957499,0.0976777504990088,0.0914214412148416,0.0828915527188107,0.0753935627512184,0.0646464372226485,0.0547896755430947,0.0602492425029168,NA,NA,NA,NA,NA,NA,NA,NA,NA,NA,NA,NA,NA,NA,NA,NA,NA,NA,NA,NA,NA,NA,NA,NA,NA,NA
549.635,NA,NA,NA,NA,NA,NA,NA,NA,NA,NA,NA,NA,NA,NA,NA,1.11326962538983,1.06601640172658,1.03839460038846,1.00613190176394,0.985388734592504,0.96566561055449,0.946695373850344,0.928912202527224,0.924482905890427,0.927043900233368,0.908030253266345,0.910439322559386,0.878694050986694,0.881025843084882,0.877257369296171,0.871161943647477,0.847157647052875,0.868550222257291,0.855756448412935,0.859888628073781,0.834281637022337,0.834015259518352,0.82502991808652,0.824367444030967,0.809039326847237,0.809661792009589,0.804773639504842,0.776536665369848,0.762008339147862,0.747651322647473,0.717743701851538,0.704099849607641,0.674900335514867,0.680886538196308,0.642816265295215,0.633758612405135,0.610472519965782,0.595841198850249,0.578834473586011,0.552039550936562,0.545731526191273,0.510210242919184,0.492501870980688,0.487540427334365,0.472633497876094,0.464648492032297,0.455512609546461,0.422428924686093,0.407432881191094,0.386834772289896,0.370088241423423,0.341910179790456,0.341444824864915,0.322104486008949,0.305137536288801,0.290315087228865,0.276357517024228,0.258097641785276,0.246004783849652,0.23088212778697,0.22081692346175,0.215566824062411,0.195888011523297,0.187300325613169,0.173731112040025,0.17362745097351,0.158571409181184,0.148738254788535,0.130510547782873,0.131951542811262,0.119808923268036,0.10179947844278,0.0990859498356253,0.0989578618810534,0.0837300257657555,0.0615056609205058,0.0702315595918958,0.0669049112011413,0.0445400566155525,NA,NA,NA,NA,NA,NA,NA,NA,NA,NA,NA,NA,NA,NA,NA,NA,NA,NA,NA,NA,NA,NA,NA,NA,NA
551.309,NA,NA,NA,NA,NA,NA,NA,NA,NA,NA,NA,NA,NA,NA,NA,1.08600673670404,1.05575704047668,1.03123935786559,0.992144379038161,0.957797729624091,0.950083400525608,0.929869845797209,0.916710814310417,0.892709820872057,0.884410477439049,0.876961323796213,0.873256075750335,0.862037953102835,0.846674090439257,0.845600438812367,0.840739918164857,0.836446244703938,0.837084681438381,0.833803795793815,0.820502132343566,0.799416698610945,0.804195888825774,0.804252762709998,0.789421021390033,0.774576342029442,0.782194514845086,0.774295316798032,0.761660845228947,0.745193753886865,0.726481726786464,0.703633719420689,0.674044955208329,0.673448832072244,0.648490675119332,0.624147263379884,0.610672526012198,0.599375916347656,0.581544516638201,0.551446311236357,0.548301351573813,0.52353756847467,0.506886853348155,0.489095782966407,0.473966186087188,0.457584581176225,0.453139816770795,0.428296269082938,0.423404024466732,0.395564461796636,0.380822358920913,0.367315825345466,0.345819372634706,0.325070959279243,0.315260770613246,0.292087853674592,0.286698694858076,0.275845885538537,0.26037011305593,0.251197035259809,0.234591585577766,0.223816324744991,0.215086690246657,0.199877670177606,0.189382087447005,0.175881545285688,0.170143686756894,0.162347035203453,0.145821966432334,0.143834666652373,0.136006650262085,0.129114437257061,0.10429500564418,0.1083190350099,0.0764301630864457,0.0866224645771415,0.0726094855039375,0.0598531933686817,0.0501201992096521,0.0472722721680473,NA,NA,NA,NA,NA,NA,NA,NA,NA,NA,NA,NA,NA,NA,NA,NA,NA,NA,NA,NA,NA,NA,NA,NA,NA
552.983,NA,NA,NA,NA,NA,NA,NA,NA,NA,NA,NA,NA,NA,NA,NA,NA,1.01795280296393,0.981952676509255,0.966947905318718,0.921814546683791,0.935576650522609,0.914075400031086,0.877254348768486,0.866399068714471,0.865514193162218,0.871919663058589,0.837935566895695,0.833061883047889,0.817211815603453,0.81703737442555,0.818905311971729,0.811784228819905,0.807655837462478,0.799233756977238,0.781687425589538,0.79110582503432,0.784781184254997,0.772551177709803,0.786297158426168,0.765418633600404,0.750899185372544,0.758368994401979,0.729168200615211,0.726144328444834,0.698632383916793,0.687670305280985,0.664248184970403,0.653988967814606,0.624736210432726,0.623989760033681,0.591332970393953,0.568419057401571,0.561756160552153,0.554446999058366,0.528249654675625,0.504989842784763,0.500617390382031,0.470432640608009,0.459628001666027,0.453169623647264,0.4337930096258,0.420361714750237,0.410605982120346,0.39697211359295,0.373120255446703,0.361877294815986,0.331452518703728,0.324766776411735,0.305566448473085,0.294458949974425,0.284728972714406,0.265284456875594,0.252264408599298,0.236018442058675,0.227644261484686,0.227926777297426,0.21752560871264,0.194547213232237,0.174907252909432,0.175071719250788,0.164922395038266,0.151289074471086,0.13284364771935,0.130014544543094,0.129118709214216,0.116381282328087,0.109213164735717,0.107475458597573,0.0951428443183179,0.085797869790912,0.0705577357124163,0.0654698187286854,0.0606526942124482,0.0492245454585763,0.0274116569682114,NA,NA,NA,NA,NA,NA,NA,NA,NA,NA,NA,NA,NA,NA,NA,NA,NA,NA,NA,NA,NA,NA,NA,NA
554.658,NA,NA,NA,NA,NA,NA,NA,NA,NA,NA,NA,NA,NA,NA,NA,NA,0.996770950900016,0.949895491118688,0.922692351627393,0.909616110165906,0.882837979874109,0.879565131884406,0.866099690712588,0.85107044855462,0.831041162784887,0.821575379076482,0.818524388219505,0.816189673652278,0.808517474249522,0.801957235631075,0.798520425442549,0.785810281271943,0.794292150624385,0.788329101355438,0.770203765745434,0.772260581201685,0.759104313849222,0.751599867412849,0.75876247213114,0.739455869904796,0.742071871912407,0.725489775823357,0.712811786101369,0.702740623582297,0.667404635237883,0.656291543946139,0.651124743028963,0.640810701146706,0.618575878072275,0.59244971244881,0.583970015160268,0.572973408075436,0.541736105093623,0.531677271214981,0.517424743099451,0.502939659892801,0.471889261324609,0.467318948850901,0.458774913572307,0.435003649826517,0.437182690762382,0.41587261810128,0.401753348384591,0.380571171626624,0.364746511252025,0.354411360313852,0.331817047736706,0.316487547273596,0.29800236815743,0.285382213430534,0.265348124025612,0.256787440380673,0.248845355196429,0.230358843609184,0.231939298433848,0.219567725900807,0.206286783333646,0.192991466787035,0.179765644872083,0.174080237606858,0.156581353015768,0.166306020480794,0.151820957084591,0.134794319603489,0.128405699426202,0.119127227962383,0.106934105391255,0.108364677641445,0.0840915377751589,0.0856319257833503,0.0796894407026343,0.0525300159765571,0.053882891534356,0.0491305155901138,0.0439196304161748,0.0314619840062354,NA,NA,NA,NA,NA,NA,NA,NA,NA,NA,NA,NA,NA,NA,NA,NA,NA,NA,NA,NA,NA,NA,NA
556.332,NA,NA,NA,NA,NA,NA,NA,NA,NA,NA,NA,NA,NA,NA,NA,NA,0.935301371470976,0.918060738420136,0.899522903486358,0.875068476886797,0.858229550964584,0.848367530389174,0.84558752114452,0.823021126777791,0.810809098291582,0.800176939772099,0.779814740748149,0.774666556290292,0.774078557268026,0.767593971983209,0.767525392412638,0.767655698049288,0.759819597729228,0.751807331984989,0.737703981526429,0.740885292120179,0.72674775199854,0.726694484040306,0.72040940840864,0.719108708411378,0.694182173928819,0.706078897218391,0.682951335352505,0.670127176730156,0.668808372439099,0.639419672949779,0.626382279926512,0.610523390802685,0.587658859840516,0.583805301879162,0.558609577378332,0.53642797731627,0.534737664533046,0.51416164484252,0.498223940428931,0.480689581779006,0.464868143020502,0.440928413312233,0.434219720170614,0.426716909899858,0.4139932078747,0.404629594377275,0.392660673887741,0.371528132845988,0.348281515719926,0.346167633723158,0.328496233788383,0.309573294703876,0.2925803787005,0.286792698815017,0.274973162203811,0.262732605638906,0.245022570841856,0.229752731441844,0.22134360899968,0.216735361783929,0.200022766838303,0.185886437376083,0.176737868104317,0.162141967347616,0.154903727262925,0.145799200823048,0.141538104730377,0.135225117918509,0.122995030259002,0.121353287736586,0.108347116105951,0.100089448649784,0.092679019750563,0.0857030409647774,0.0712265589907389,0.0719541684314657,0.0548781974263103,0.057774238932172,0.0407895483754088,0.0424591393845115,NA,NA,NA,NA,NA,NA,NA,NA,NA,NA,NA,NA,NA,NA,NA,NA,NA,NA,NA,NA,NA,NA,NA
558.007,NA,NA,NA,NA,NA,NA,NA,NA,NA,NA,NA,NA,NA,NA,NA,NA,NA,0.884448705517382,0.874149181820526,0.859757484687344,0.825565636911004,0.813252273607712,0.795786461586856,0.784081011840498,0.792719932895195,0.761231910771082,0.757803203715089,0.741728613412502,0.745262828101928,0.74337640336362,0.739427792294349,0.732267321819977,0.728245251380047,0.719103191741599,0.725500057903309,0.714776924039471,0.703919160688252,0.700909340658048,0.689998407262601,0.696193027593139,0.691258670243448,0.674901268772909,0.653069541650388,0.64353652796485,0.635779699423868,0.613986822371022,0.599651376593266,0.595190480177787,0.570569833577877,0.5615513596632,0.547997122231459,0.541202491104173,0.514455047290251,0.490431062431634,0.486322286086267,0.473084930349455,0.46007705770935,0.436450205997062,0.430422976573913,0.41237927683697,0.399421662826183,0.402886458036006,0.368730993603104,0.363637101154039,0.346150721583147,0.329947888271879,0.309695037980196,0.302143049630195,0.289797161174278,0.269414138670954,0.262376975136911,0.251272301178401,0.231473034431531,0.227779127057062,0.209906793481175,0.211380338137266,0.196499530646873,0.191714897401065,0.173588428823275,0.169505823513805,0.162413144028598,0.150480402701888,0.137706341444228,0.134528482883556,0.132488735724619,0.10068316926543,0.0913608610687036,0.0871294414890267,0.0797516784212803,0.0899639607458721,0.081852458182813,0.0576401101704338,0.0690649936460734,0.0472122735809562,0.0412903724955846,0.0422285518683164,0.0477979950977008,NA,NA,NA,NA,NA,NA,NA,NA,NA,NA,NA,NA,NA,NA,NA,NA,NA,NA,NA,NA,NA,NA
559.683,NA,NA,NA,NA,NA,NA,NA,NA,NA,NA,NA,NA,NA,NA,NA,NA,NA,0.865026270823595,0.848719806164714,0.812013071957706,0.783874311419949,0.797748174799289,0.770471622668727,0.766619278134685,0.752587406984096,0.739857993280956,0.739595925974942,0.740240359520647,0.731597391707174,0.720820011220165,0.716103574916016,0.717383142852028,0.700786174200628,0.702189416406901,0.702867087633365,0.690558141228997,0.684405141435499,0.686697309548554,0.673386368171322,0.676179901198212,0.659748860561403,0.65881237674345,0.639312213082415,0.628834849962316,0.608935935323396,0.61331718196313,0.585012396928541,0.560722622601264,0.570091581606436,0.539455730381634,0.514517243148672,0.518035049454342,0.497081168839753,0.482474097372946,0.479872407938571,0.464449913474205,0.443069647436133,0.434107200466061,0.418674936513117,0.406623706396226,0.399574412013652,0.382338229392106,0.366722169235485,0.349611359973165,0.336866854222958,0.323268388712966,0.311348399382532,0.297237091465193,0.270382336804712,0.265868765701747,0.258717089245194,0.251563261168046,0.231950304643461,0.215717750915645,0.214043138023493,0.20504575517018,0.18949678927519,0.187509483844579,0.169302119635423,0.163141843638021,0.155736919869821,0.147161812464767,0.142919559717556,0.128884026390498,0.126662187929487,0.124787858989996,0.105344329983181,0.10077728526083,0.0872171854650577,0.0771174892108607,0.0850078841963244,0.0672279518290627,0.0414853099993272,0.0458984102553859,0.0541705712050118,0.0259558726644776,0.032417392662244,NA,NA,NA,NA,NA,NA,NA,NA,NA,NA,NA,NA,NA,NA,NA,NA,NA,NA,NA,NA,NA,NA
561.358,NA,NA,NA,NA,NA,NA,NA,NA,NA,NA,NA,NA,NA,NA,NA,NA,NA,0.841102392380485,0.827884866712379,0.796150815970063,0.788554073483016,0.768523324812305,0.739622630438655,0.756056191853283,0.736915399198581,0.73257285864717,0.715290792072037,0.700844714670634,0.707971613476419,0.692648062873108,0.684798985335114,0.702114841205357,0.694638785188464,0.677733744289003,0.671490911377555,0.674185951062087,0.655853726251618,0.655103090464135,0.661878714500255,0.651616872282133,0.63777511390959,0.630072405189877,0.627607282627411,0.61697342643075,0.60241384452988,0.577656877526998,0.564069499320192,0.558300549107891,0.546340210520762,0.54550180109615,0.502480210332219,0.497033923744203,0.488173765265225,0.480937796265495,0.460859143728904,0.446132684134941,0.428304461958517,0.410645840506608,0.400147756036397,0.394161074020596,0.387802711204865,0.378781094601485,0.360652248510964,0.343518821468526,0.327111125981256,0.322844116417024,0.296427468910937,0.287208790663898,0.274868065958455,0.262839902102895,0.255085652746754,0.239117617408481,0.230989991930463,0.220964344737306,0.203253092476667,0.1975758420397,0.194029566707568,0.178523433328022,0.164427020353319,0.157845132210446,0.149602476551041,0.146430605250953,0.137545463867696,0.139334538321654,0.118545361584992,0.110334359230565,0.111254266460657,0.0972991459860378,0.087575075800498,0.0751766121065602,0.0677231582334065,0.0740331867237986,0.0611027050166832,0.050575224660388,0.0398212786276294,0.033301690028646,0.0385033387040552,0.0279807528259854,NA,NA,NA,NA,NA,NA,NA,NA,NA,NA,NA,NA,NA,NA,NA,NA,NA,NA,NA,NA,NA
563.034,NA,NA,NA,NA,NA,NA,NA,NA,NA,NA,NA,NA,NA,NA,NA,NA,NA,0.823942888530265,0.801331625980524,0.772142598700111,0.76502560046496,0.746150665261289,0.74534022899728,0.715365206892992,0.719558873480793,0.702657552152109,0.688956541253924,0.691297701799708,0.684707396585932,0.670800333934834,0.672586391862023,0.671030582712681,0.667920802335377,0.658822466162862,0.658273119276922,0.652784530990699,0.643683616014939,0.635727992806743,0.635065755424234,0.634147321979387,0.633759833790717,0.622708031441304,0.603243303824748,0.593460265322642,0.581918082401087,0.574733763576528,0.547414883277037,0.540578186710372,0.518504024459293,0.507263937196788,0.498812816442579,0.484110268655142,0.471534392937619,0.455035578191984,0.445742397745335,0.434122126398315,0.417089146752408,0.413672723507039,0.394644795098981,0.388690280367455,0.373848689050768,0.368135144883589,0.351187535741814,0.339523757007751,0.323506186703206,0.321036649794891,0.295945665894396,0.287412263327723,0.274081297876825,0.264042870483937,0.248083002014205,0.239992151056521,0.227449486107935,0.222564007505308,0.204199076731517,0.19535670725997,0.182083556614632,0.177831364128956,0.162311289931581,0.159918141489768,0.154353015970817,0.143333969632427,0.134815739255269,0.124791675654371,0.127171295855205,0.111125933381707,0.102301449746735,0.0888907466757003,0.0963159872217123,0.0753896488079668,0.0801470446392376,0.0456776751008786,0.0612740197667722,0.0678485960299747,0.0506278779880936,0.0363644654793153,0.0362905966516118,0.0392805849418605,0.0281631986134936,NA,NA,NA,NA,NA,NA,NA,NA,NA,NA,NA,NA,NA,NA,NA,NA,NA,NA,NA,NA
564.71,NA,NA,NA,NA,NA,NA,NA,NA,NA,NA,NA,NA,NA,NA,NA,NA,NA,NA,0.792258995130237,0.771229634841208,0.744117823257164,0.736103354460728,0.716299459273437,0.709118556980551,0.692997463512659,0.694093399562589,0.6769973072842,0.670938519290861,0.657204543126578,0.648657538545957,0.647580255325802,0.65822450865562,0.647906530128091,0.647559885786482,0.629125361895176,0.636271487677261,0.619980679554804,0.630514232928057,0.618766164097975,0.610568893724286,0.594342011493353,0.588485536147244,0.597489234524931,0.579033147506662,0.556552612013564,0.556144497106336,0.534480125729561,0.528486617314036,0.520399433817364,0.509469378642941,0.481847950079318,0.468996134456406,0.468550820305159,0.443812672937252,0.451107612677437,0.428169318146794,0.41538677394522,0.401755609844302,0.385902459282144,0.380933717816311,0.36833174726486,0.364927927326511,0.344138778545901,0.334781156811818,0.310791377443966,0.295843795052603,0.289876871740332,0.269102712365237,0.262011062525004,0.256612560929426,0.249071690598442,0.232764905829899,0.225007158239172,0.210867831260006,0.197566903874205,0.192019229561113,0.194197316363919,0.180063653438575,0.169718380961533,0.15987146151632,0.155261478664516,0.139099744979312,0.131698439744326,0.11926574525933,0.124674127758091,0.121141885508599,0.100836836828763,0.102505734885343,0.0854792009573428,0.0864903665355673,0.0720010849934691,0.0676526409327801,0.0470515365851181,0.0413604154471036,0.0387341544135678,0.0343425878123257,0.0333973970626046,0.0177391520019876,0.0316620704116354,NA,NA,NA,NA,NA,NA,NA,NA,NA,NA,NA,NA,NA,NA,NA,NA,NA,NA,NA,NA
566.386,NA,NA,NA,NA,NA,NA,NA,NA,NA,NA,NA,NA,NA,NA,NA,NA,NA,NA,0.75173276368325,0.74451931639179,0.733819131829053,0.707410531410761,0.694241256609321,0.682045313386981,0.686438722774626,0.665095532295658,0.667067974972595,0.656207053549038,0.643531121004242,0.636810839348876,0.640100068832852,0.632548538454451,0.622306622972493,0.61466343709346,0.619878895697168,0.611735623196091,0.618236369597455,0.605761723419921,0.607380100796067,0.60143837635631,0.590075131390593,0.593918087859656,0.572200787986887,0.569418407410283,0.555883628301526,0.545190075943184,0.526513204912527,0.510996901503925,0.504919025780507,0.486220764545474,0.485362992153929,0.475212102226079,0.440035944870795,0.444119749680075,0.430645618386122,0.412260389700443,0.412126260638199,0.378657138463279,0.384890187621394,0.366625555575458,0.352201743374058,0.345549786075151,0.350817382440254,0.331061623657731,0.310153753305881,0.301656522724772,0.28402890174413,0.271284127033814,0.261013537622624,0.248659234501264,0.239496077796156,0.233313595970282,0.223870711186226,0.202897410400035,0.19739297447708,0.192503683841438,0.187674232330757,0.179725368525843,0.156131760965523,0.151174159336136,0.148087870800738,0.14337746609685,0.128827850626055,0.137052972457379,0.120080213208856,0.10672707402027,0.102175661829476,0.0934460518747374,0.0861752794191629,0.0752421736715871,0.0738259580215611,0.0604814346300011,0.0581181128558067,0.0569860546576912,0.0636312712234835,0.0406353169021152,0.0321023504954025,0.027638322894296,0.0209973568243786,0.0267632860038968,NA,NA,NA,NA,NA,NA,NA,NA,NA,NA,NA,NA,NA,NA,NA,NA,NA,NA,NA
568.063,NA,NA,NA,NA,NA,NA,NA,NA,NA,NA,NA,NA,NA,NA,NA,NA,NA,NA,0.735457285662388,0.732343925245548,0.712844878158132,0.696529457911459,0.680775173942617,0.669367382144693,0.656508502491784,0.649342409718902,0.638907422528991,0.631191746421458,0.629211799125195,0.636118862677524,0.619207121565398,0.620231752867233,0.610623512754629,0.610624984915456,0.608494960069215,0.60242011763731,0.597737756156142,0.594010754652552,0.583362839943166,0.586322674584274,0.569081341598954,0.580211666795591,0.561104650130155,0.557020007293688,0.543534470427879,0.530383517946536,0.527080240425676,0.503822136693099,0.490420701196069,0.486737079672424,0.462518301711971,0.458598102006629,0.447639513571824,0.435559720793062,0.422452903802737,0.406826295128662,0.389290975026337,0.389304395538051,0.370823023023435,0.36656792044726,0.362761229019077,0.34418975893199,0.333348457800036,0.322591597161634,0.309164442947357,0.294175043285249,0.283400931070977,0.266628532774742,0.259678755470618,0.251116245675171,0.241151328594667,0.228631014849771,0.213914796318227,0.201460537190938,0.200149317006111,0.18974459150391,0.181150027038982,0.165717584657567,0.162290909407527,0.152402551388352,0.147116343254034,0.141451554522683,0.125230381537156,0.117138185530076,0.123136379456454,0.10336249537538,0.0975327277435661,0.0868004678600623,0.0907272305203135,0.0804953909662049,0.0761349938960313,0.07701044126567,0.0631718835118964,0.060117198503636,0.0523705609826679,0.0348180982401584,0.037805425525132,0.0138997952351028,0.0278811309516929,0.0364742350862393,NA,NA,NA,NA,NA,NA,NA,NA,NA,NA,NA,NA,NA,NA,NA,NA,NA,NA,NA
569.739,NA,NA,NA,NA,NA,NA,NA,NA,NA,NA,NA,NA,NA,NA,NA,NA,NA,NA,0.719347100781498,0.715360012429517,0.699217279024072,0.668600577858846,0.655775922689975,0.659054262332279,0.645778513015212,0.640016962183666,0.618921774203721,0.623446344461293,0.614029382168676,0.602717672757381,0.618899262152032,0.607530715399131,0.604132353714952,0.603525866725062,0.593929519713907,0.588989739669227,0.585095299645177,0.569458492889681,0.580069907090656,0.578706117843865,0.577268700076094,0.563812626224233,0.556056153305425,0.548640691219207,0.539051858662681,0.515623856217862,0.511712632724577,0.488247532366601,0.483156594966918,0.457451078620941,0.462770972566393,0.447693041135788,0.427354859361279,0.428683045798468,0.408667326527227,0.403370384611272,0.379756305757279,0.375583113850885,0.357732961443053,0.361903958314351,0.344049026828109,0.336703142691211,0.328158698020365,0.31248649060336,0.310579493998871,0.287176282479894,0.287000086339028,0.276298442697098,0.257570785246671,0.237518039481108,0.234475494006274,0.224383315886766,0.209004138915496,0.202899985132748,0.196175083591675,0.186022476139956,0.184869679958262,0.163283125869239,0.153542858693337,0.1551507574264,0.142138670828592,0.131151781323795,0.130378121611625,0.115650447472353,0.12141409216171,0.104812313665499,0.103191760104895,0.0937244162568798,0.081057584316916,0.0830528420771716,0.0743102696937299,0.0724944543040476,0.0583192067632815,0.0451477141503639,0.0440378627626602,0.0504140299982345,0.0405362737652535,0.0321824461992695,0.00852074357553966,0.0280454762184817,0.0216172972745531,NA,NA,NA,NA,NA,NA,NA,NA,NA,NA,NA,NA,NA,NA,NA,NA,NA,NA
571.416,NA,NA,NA,NA,NA,NA,NA,NA,NA,NA,NA,NA,NA,NA,NA,NA,NA,NA,NA,0.701974013721669,0.66877364445432,0.661338851631126,0.667037923132412,0.634958013710161,0.636517325904498,0.622442740066064,0.620566035966749,0.599379533709161,0.603136579296454,0.608113658562887,0.597715048763917,0.59408583805681,0.592629839036208,0.580495130954226,0.570505255252268,0.566711108128422,0.572397546852784,0.561884775980596,0.563053426965803,0.56334112887299,0.549350024640899,0.558562842456115,0.535886147182927,0.529386187759445,0.520827515207083,0.504402305686455,0.507427417910306,0.470848322311627,0.467096571390902,0.451367508160327,0.442200173365107,0.444157545974907,0.425600987609328,0.414334122235194,0.403363525217199,0.386684848027894,0.377702914762771,0.374852562972122,0.350721097100452,0.351433375151393,0.339435366349659,0.337260180814588,0.320643249618211,0.310958215171303,0.297633984780677,0.27936453739089,0.263811716134954,0.255145938585943,0.239640558522801,0.233881456545946,0.229781708926242,0.219748105542194,0.207398337126175,0.201600255882724,0.190851739981434,0.178484644852146,0.177596161333198,0.166539798211199,0.16090378487709,0.147693362045201,0.147600898218804,0.139292745920748,0.119587410266181,0.114289334959827,0.108395352745788,0.124812869824104,0.0969668388622325,0.0994209408752287,0.0892480461942092,0.0799525643231956,0.0716474623661165,0.0578551238997065,0.0614503023770696,0.0610832364738603,0.0317747533656454,0.041532512228725,0.0400117520854754,0.0382170159871443,0.0180261189575543,0.0308833984165595,0.010880686090116,NA,NA,NA,NA,NA,NA,NA,NA,NA,NA,NA,NA,NA,NA,NA,NA,NA,NA
573.093,NA,NA,NA,NA,NA,NA,NA,NA,NA,NA,NA,NA,NA,NA,NA,NA,NA,NA,NA,0.673489009471025,0.665303528811563,0.652325453894666,0.637462631488596,0.636456526585215,0.627582661228472,0.612011835882703,0.604870154433716,0.598852958833675,0.585610827444355,0.587061389646979,0.582827846988448,0.589481093405419,0.577068485555181,0.569907270639824,0.555468777715916,0.566387101348229,0.550265137319845,0.54263159963429,0.541226843791499,0.547735922021736,0.534749449470866,0.535644952384356,0.673366535296434,0.5029717855649,0.512421578120349,0.493194752784905,0.486910161957497,0.473189366431509,0.460295418430091,0.457231839444877,0.429050605286586,0.424050660112332,0.418781574185613,0.407934891632081,0.39684316492655,0.384781329615809,0.375641489256678,0.34865555255166,0.352467409004343,0.346035893688442,0.335138051023367,0.324688550122351,0.309175677758671,0.306998503220466,0.287944202550347,0.281806682107349,0.264452156842634,0.257332164007463,0.245378767155313,0.236807297591563,0.228009331312595,0.222676800729117,0.203215127613242,0.193075233202717,0.189369316790663,0.186013600696146,0.179785321953917,0.15906110916305,0.150679342732601,0.146721245395805,0.143819885765865,0.137558829618157,0.134754496669241,0.124361838654914,0.110852675155066,0.102483315418453,0.11244709589571,0.0886371315020197,0.0855625940364765,0.0828105116721356,0.067543543841112,0.0713708816979845,0.0645015028876171,0.052107717218663,0.0527311836696705,0.0394142946708352,0.0337776253480246,0.0367380001940965,0.0250191063536923,0.0266031886090488,0.0373717185046114,0.0243072097291536,NA,NA,NA,NA,NA,NA,NA,NA,NA,NA,NA,NA,NA,NA,NA,NA,NA
574.771,NA,NA,NA,NA,NA,NA,NA,NA,NA,NA,NA,NA,NA,NA,NA,NA,NA,NA,NA,0.648080578669142,0.639430625714914,0.626364243911708,0.617776035508862,0.611441915484438,0.586383327769068,0.589536920495367,0.579757503702464,0.576649615846351,0.573404742979875,0.569715228418972,0.555298786019156,0.560046312770115,0.553435176591933,0.540038181585719,0.551610733195556,0.531712571430419,0.536267363671031,0.540630742907967,0.520418925637017,0.53155912905487,0.531685707603545,0.526122991654879,0.515131222292701,0.504346545624866,0.493246682209492,0.472263599907787,0.468349457374513,0.460121106032228,0.442902943050711,0.425977303911096,0.433979276140139,0.42745100578879,0.402736068515214,0.393676115142454,0.382747144230663,0.37340050699173,0.358886252098846,0.357303769023592,0.343047398747292,0.331817613428229,0.326241981305773,0.322010898494172,0.298065974447132,0.303834392177415,0.286644686283049,0.27599010559271,0.252809366786677,0.247709050551062,0.237450481697468,0.233113941051636,0.216666324065294,0.218614613914019,0.201325985920322,0.190654224245983,0.18781010439286,0.183887657525638,0.17134800469743,0.16848149260277,0.149899470557086,0.143189675165533,0.142957405090013,0.125731641212272,0.113621950213764,0.129451512136862,0.114137185393739,0.107000013609554,0.102731670716263,0.0992906215122924,0.0919868773596057,0.0710946088643388,0.0725918817611043,0.0812279379938756,0.0617136496004076,0.0720425108700902,0.0408172563869314,0.0556236518580934,0.0401823350154439,0.0275324551432974,0.0293112696058907,0.0336716379660893,0.0282366368967891,0.0158826381294707,0.015275071863573,NA,NA,NA,NA,NA,NA,NA,NA,NA,NA,NA,NA,NA,NA,NA,NA
576.448,NA,NA,NA,NA,NA,NA,NA,NA,NA,NA,NA,NA,NA,NA,NA,NA,NA,NA,NA,NA,0.627306290260682,0.60188076769075,0.59268929329703,0.579925731263512,0.590474163007468,0.574898949421164,0.566890890517327,0.543316888560659,0.560922330229112,0.554702105572928,0.557778824109621,0.545174776996031,0.528933367233187,0.537163209410111,0.524929945104459,0.531038759460313,0.520439011151978,0.5128388114315,0.511029778226487,0.509558292368647,0.504063296381446,0.494408180075489,0.491138151781651,0.482399407602959,0.474206093743191,0.466981056592488,0.464417622433189,0.448377199306571,0.436798688244512,0.431051214954511,0.402383536124165,0.41288745748064,0.395853355701579,0.379241240220979,0.384289065357881,0.361082779249907,0.348773175827002,0.350590735699083,0.340000802078459,0.337233719272917,0.322174877014175,0.309116509526359,0.30746785291422,0.293920779772827,0.27333562912927,0.265148985581005,0.257532222605543,0.245264308337707,0.230480632838993,0.225793799399834,0.214693650311653,0.206895311720967,0.194780936599794,0.187311562361105,0.180490317385965,0.170407816776189,0.170353493597704,0.16212406909843,0.148042140680681,0.14676533344523,0.137888024632837,0.144148753766385,0.119537493791983,0.124975698145229,0.118781484391097,0.106860088333392,0.0961866048134693,0.0986007636116224,0.101881934803569,0.0832558053336145,0.0782213417655531,0.0699066069714598,0.0527304016888107,0.0534273140250577,0.0437302028102821,0.0455127192340221,0.0393287919121912,0.0374973015907571,0.0266897763388609,0.0353995294874988,0.0181891680745554,0.0186607291766318,0.00190594763961096,NA,NA,NA,NA,NA,NA,NA,NA,NA,NA,NA,NA,NA,NA,NA,NA
578.126,NA,NA,NA,NA,NA,NA,NA,NA,NA,NA,NA,NA,NA,NA,NA,NA,NA,NA,NA,NA,0.607639487087929,0.602504821657195,0.580098745657606,0.584613671954746,0.564018282634462,0.559124364305257,0.550684093648155,0.530997670339295,0.535237399436391,0.547287298613433,0.527936425000216,0.514436445617855,0.531160651603267,0.509749338164021,0.519691515965456,0.501695685057976,0.502930943857193,0.499008904241319,0.500260144764979,0.50128797209744,0.497052025594739,0.486358088139657,0.474797835542191,0.475925262458139,0.457474676821321,0.440330015579609,0.440742497340859,0.439278080042458,0.421224573162366,0.413732519197241,0.402361990348441,0.389443414152834,0.387478969769741,0.370555356955281,0.358510381817995,0.342115619375305,0.346293402553081,0.327184856746543,0.316504942747396,0.320045238348565,0.313599300468073,0.297153266140825,0.293238039193204,0.281051314750934,0.269005235755351,0.262332123386224,0.242761687160649,0.238522772234173,0.231142483733603,0.215886065832192,0.207784904303095,0.204461489391061,0.192263987910179,0.183464986909519,0.175326547079614,0.178075858534681,0.166052132282127,0.161167398645733,0.146780146724928,0.139370060561336,0.133216771825806,0.124258804993913,0.126701308883387,0.115886620545888,0.114484084953009,0.109982457882026,0.0973961812852846,0.0903549065831536,0.0785982431228571,0.0701123126114509,0.0931119498869213,0.0670054047516235,0.0607066506371696,0.0510844833247037,0.0442927686783691,0.0338087876725694,0.0367723327753195,0.0182582801499719,0.0343019600518689,0.0361372780879146,0.0217422946718014,0.0464701277502113,0.020891729999864,0.0261770511855986,NA,NA,NA,NA,NA,NA,NA,NA,NA,NA,NA,NA,NA,NA,NA
579.804,NA,NA,NA,NA,NA,NA,NA,NA,NA,NA,NA,NA,NA,NA,NA,NA,NA,NA,NA,NA,0.588589753308521,0.560037589231659,0.560440534150978,0.543538082184053,0.537401908716645,0.535499197636931,0.520825353472779,0.534550794092756,0.522225550465555,0.505913598387048,0.510175844537079,0.509718123990552,0.502771158508719,0.499158904136864,0.492894835881182,0.497019321528723,0.486002648752542,0.478442573130597,0.477812399210357,0.476896722640369,0.4706953266561,0.469725064880259,0.454177079837791,0.455307174262839,0.442261229725723,0.435654632487159,0.418269178611507,0.413717090502222,0.413096720131749,0.395971946414861,0.392548871626606,0.387246104575615,0.380614776518721,0.35872852024583,0.360840559914471,0.346958831760238,0.331927280216946,0.320151347617287,0.311826084187963,0.295409118008655,0.300273289567984,0.298138216308429,0.290350161471045,0.272706579642302,0.260119943038024,0.245348946394719,0.239819986214614,0.225850168504066,0.216785911296718,0.220831865839956,0.198591451049823,0.198042381076216,0.190924078173978,0.176436072748335,0.167251447262655,0.168201944686465,0.168216674921183,0.153749851059091,0.151052591195105,0.139359156646713,0.128023913719702,0.124752035335727,0.121565663138865,0.109596901841759,0.109908607295108,0.101610928927376,0.0950256694668672,0.0817148083626459,0.0865878520025873,0.0626405502805589,0.0796057716370255,0.055035129344818,0.0578266870842361,0.0658192225829432,0.0397626726843233,0.0459817262369225,0.0382731318437313,0.0422192776435367,0.0222384400038898,0.0360477441834808,0.0135545280912147,0.015755652626385,0.033153219048622,0.0183733880077925,NA,NA,NA,NA,NA,NA,NA,NA,NA,NA,NA,NA,NA,NA,NA
581.483,NA,NA,NA,NA,NA,NA,NA,NA,NA,NA,NA,NA,NA,NA,NA,NA,NA,NA,NA,NA,0.561815273687835,0.551897625704811,0.553246329730052,0.533272883828328,0.520619686472069,0.510896532374366,0.504551502871035,0.506653354230573,0.498064431534526,0.496635153515578,0.489042402325084,0.494680945854319,0.46900805753012,0.479022993050844,0.473109646473243,0.462614022242633,0.47298074010986,0.464120251912034,0.46302769994138,0.465839202396879,0.463188061389887,0.445865591683532,0.435846455511213,0.43773353939735,0.430178267440064,0.420627184357629,0.399737863114868,0.400332211065781,0.393174093837583,0.380713090448913,0.381620874617218,0.362754508311071,0.366833920756521,0.355170227832641,0.33652179249872,0.330388295698642,0.314596889190305,0.309276212436643,0.303661771748308,0.286135624868447,0.286211036452182,0.280483186182825,0.273151192288522,0.258714139636155,0.257435800518224,0.244518522750025,0.23004513578627,0.222340668703337,0.212511693902405,0.202831124169993,0.193497591321551,0.190221999859859,0.186053537737332,0.174689880642462,0.167578774242451,0.163227869704793,0.158758513553362,0.152283461681412,0.140373886947781,0.131236872391673,0.124089713648863,0.117833046277036,0.120246170693982,0.112172197099502,0.106247434898119,0.0933172804608176,0.0990511165587444,0.0811126114490097,0.0725777093917812,0.0718242529161881,0.0721063084348442,0.0624258864594605,0.0621216290704683,0.0604045901985271,0.0533473422283133,0.0471586752033694,0.0506468359051939,0.0460081894291079,0.011883098536493,0.0200682884214862,0.0340842699876409,0.037721935279531,0.0272624206399769,0.0182384077110267,0.0323755328777706,NA,NA,NA,NA,NA,NA,NA,NA,NA,NA,NA,NA,NA,NA
583.161,NA,NA,NA,NA,NA,NA,NA,NA,NA,NA,NA,NA,NA,NA,NA,NA,NA,NA,NA,NA,NA,0.533940021804699,0.511050299356418,0.510495933639937,0.507571542071088,0.487734029731079,0.494216608179055,0.484938522776575,0.476836128615945,0.475676652029752,0.473464122457642,0.46872287800658,0.466338518941659,0.459137579582086,0.44866283143901,0.448326420027393,0.451143522927996,0.44840018900113,0.43733622941527,0.449434088106253,0.439787025097247,0.437831562616931,0.429488711843449,0.420713777552914,0.41337416016153,0.39837123574778,0.387968484728333,0.382961296415087,0.371181601665213,0.366815416559455,0.368050285871454,0.354329560728611,0.341592534463231,0.330144843207287,0.327205028506813,0.321505100322569,0.314989816863293,0.298528068881808,0.298783509660887,0.292829693715064,0.277520635886816,0.277660722242798,0.270707349558386,0.267850424461215,0.233302348552612,0.229987072507663,0.229930177091631,0.209635641203974,0.20514377155039,0.195632640435972,0.187982129272101,0.182049507048668,0.176354500823206,0.170319360224915,0.161941352764826,0.151177453162619,0.153992915431843,0.144206114514887,0.138974041964816,0.129229041291959,0.126082317790331,0.12720395061798,0.105099926240122,0.110046026821249,0.109179370763956,0.0936014435247243,0.0857431708114734,0.0931698324708184,0.0829689428877711,0.0760650623812305,0.0771555961296362,0.0632321812853143,0.0596319840561822,0.0404221445200894,0.0297300290934825,0.0422637225460212,0.0541866912436563,0.0187510528612572,0.0277985154567693,0.0251104562701194,0.0266998745232062,0.0200834647979227,0.0149260844795892,0.0104760854870475,0.0292002566288699,0.0308678173573249,NA,NA,NA,NA,NA,NA,NA,NA,NA,NA,NA,NA,NA
584.84,NA,NA,NA,NA,NA,NA,NA,NA,NA,NA,NA,NA,NA,NA,NA,NA,NA,NA,NA,NA,NA,0.519791332850362,0.496077121413931,0.489384598487239,0.485490834847379,0.482004109606884,0.468583559922044,0.466608534859758,0.456937221611484,0.445934997688751,0.449565338648967,0.45798483051818,0.444050767462318,0.449401736465583,0.435295490623031,0.438600195775588,0.436129280519046,0.434185295675239,0.422343133700048,0.434848703957938,0.425374353224555,0.41698550460439,0.416038687173771,0.394814289000576,0.399937264827593,0.372473845513733,0.38055346902974,0.364447059810295,0.36803755452219,0.354278594095455,0.344437804780686,0.343117341200005,0.332607018655009,0.32782919868802,0.317440607443827,0.307787230248523,0.302101344549237,0.288878074139795,0.285704598944606,0.2706869804559,0.258151717207722,0.263220319513007,0.250753753705276,0.253037907445075,0.231486536545456,0.231963062810069,0.223277804928409,0.217549338645851,0.208116685780085,0.192793329996192,0.196122273422399,0.181455554601353,0.171125133152848,0.163715048176723,0.152336034888929,0.150685195038113,0.150201132331199,0.137449952497018,0.124537414926862,0.1228220206012,0.120538983452686,0.122456113823541,0.108693824768056,0.0962348454202097,0.1046256345938,0.0908116456678671,0.0849421340094045,0.0824194652046992,0.0775336495138703,0.0644743778564566,0.07008037052644,0.0533794028144771,0.0574358716021397,0.0437671765963066,0.0513198435940301,0.0406281237724074,0.0234802912745585,0.0471322629732996,0.0243483996037717,0.0379738633989559,0.014191709015503,0.0327603121295045,0.0213853733336093,0.0208851293728127,0.0184279570538743,0.00297486718985412,NA,NA,NA,NA,NA,NA,NA,NA,NA,NA,NA,NA,NA
586.519,NA,NA,NA,NA,NA,NA,NA,NA,NA,NA,NA,NA,NA,NA,NA,NA,NA,NA,NA,NA,NA,0.491159982008296,0.492275806286635,0.483631574876111,0.471256368679736,0.455550440010662,0.446529843978369,0.452935869448687,0.429778271658132,0.442001733515602,0.435451061491806,0.436013952823822,0.429244728448355,0.426994938859674,0.42540258230951,0.413154188277881,0.425865521802734,0.414888860034537,0.415422914448899,0.418882827935112,0.40637468423622,0.395838178385372,0.398236933259705,0.387706374338511,0.384150487270146,0.36639819472284,0.362089669445744,0.355172502796554,0.350477738099558,0.349822142118572,0.32869329796931,0.318270491284023,0.317852135633096,0.31685788674567,0.308463658388437,0.304460644872298,0.286072939919495,0.280119095892967,0.267845505448097,0.263720679563733,0.257891647704761,0.258617115294822,0.245387996196404,0.239087023091077,0.233233782034406,0.220743235537627,0.210858973749112,0.209468093638398,0.196266558011269,0.19042101307783,0.182482794923517,0.181254292612404,0.168206873367311,0.154917471719108,0.15456085851495,0.151707633622298,0.147292877351289,0.139004166205747,0.128963565924003,0.129696746457996,0.120544674501496,0.119762099541591,0.111564658042639,0.114879363055721,0.0905257357444396,0.10753479085796,0.091688143375505,0.0819264566018693,0.0799189539555003,0.0694289511356348,0.0776756566896874,0.067126127142965,0.0577550371688136,0.076650505423865,0.0574786718574048,0.0381332233867529,0.035010658726615,0.0516963126664155,0.0292104040559603,0.0223048539147309,0.0308627497457744,0.0144708172788566,0.0341974672870166,-0.00566660083008091,0.0105977382262097,0.0138087314902025,-0.00302967548434804,NA,NA,NA,NA,NA,NA,NA,NA,NA,NA,NA,NA
588.198,NA,NA,NA,NA,NA,NA,NA,NA,NA,NA,NA,NA,NA,NA,NA,NA,NA,NA,NA,NA,NA,NA,0.459589943400074,0.46871769646831,0.460316055222422,0.452934060194949,0.432276962212587,0.432907446386428,0.420358949981791,0.433547396244859,0.426546203597457,0.421720767285591,0.422916859795332,0.415512178236018,0.415127803352375,0.409233255817104,0.407541336641063,0.408424024163955,0.399762711973999,0.404269167212932,0.385731560676926,0.394857006854435,0.388912344234626,0.381250235982851,0.378285229909561,0.36390615751111,0.351954718626075,0.350986978815964,0.33655351199128,0.343888099579099,0.316449415527267,0.326135637551251,0.313580068667043,0.29950233391043,0.297315129317047,0.288031886289382,0.282145728151689,0.271080796669395,0.269335330283826,0.266456102034961,0.255204770388072,0.250752786109823,0.230132882840245,0.235018409574689,0.228541535688456,0.217193647222938,0.204510226522201,0.197257509400212,0.193323897276436,0.177191844608068,0.179574622509822,0.172078991224318,0.162243887448025,0.157452780589098,0.14683681128181,0.147764476681825,0.139363058841766,0.126610375202223,0.127776738194611,0.12914747456362,0.113358202102719,0.112027685612405,0.104212157192017,0.100339127812402,0.0887366791865981,0.090345428308096,0.0907238201420683,0.0721516508743611,0.0891326300671151,0.0635445158580034,0.0647801950625153,0.0582237394073773,0.0604571375289317,0.0539081326703062,0.0510556769601634,0.0246926773077779,0.0311464289086795,0.0363776359680779,0.0267297213690238,0.0180306954342754,0.00970654222007203,0.0443570037142345,0.0138746690423635,0.0311661468868251,0.0279854847838051,0.0236975604621122,0.00606306910285509,NA,NA,NA,NA,NA,NA,NA,NA,NA,NA,NA,NA
589.878,NA,NA,NA,NA,NA,NA,NA,NA,NA,NA,NA,NA,NA,NA,NA,NA,NA,NA,NA,NA,NA,NA,0.454057573402571,0.448827618754791,0.443777901633973,0.435985526883288,0.426845508536542,0.419582797975371,0.422613651494384,0.410839149085782,0.416970756495136,0.411945447370101,0.400114635810028,0.404579763976434,0.412093741147123,0.389714349992343,0.396493016145648,0.384242501411997,0.378358976684675,0.387653541916036,0.390505998372246,0.384293789096408,0.369812996770943,0.374009355812761,0.359230074597751,0.35674331326065,0.335175728774266,0.336175703971969,0.333590209326138,0.315568216163577,0.323185703555451,0.304178454183078,0.303315775263406,0.296254945143276,0.292635415111468,0.268041010402431,0.278393284739862,0.271482976539275,0.258311477217637,0.245426850441131,0.248806600427319,0.23865583288616,0.23434397991481,0.221836207504861,0.209317581638307,0.204259945685538,0.202200261968183,0.195186531748628,0.179354941648926,0.175503542494596,0.17771948703248,0.164774032806165,0.160166280735452,0.153066057989918,0.148823887039835,0.139832584278503,0.137552425161291,0.136642695104361,0.119542722733199,0.113746957366416,0.121923674294203,0.0972836712584004,0.10475590652021,0.0992296775524086,0.099107299747699,0.0929477221690462,0.0851461316190152,0.0788194274011845,0.089829065314871,0.0797009724390321,0.0648748922929599,0.0640718135016759,0.0612132616511001,0.0491406381687826,0.0446466785267007,0.0449712009584709,0.0530292427363081,0.0226685887901529,0.0334601814065389,0.0249364055393048,0.0388874232056164,0.0208510124386575,0.0352017050368729,0.0435074497653884,0.0202821406029002,0.0177979320986062,0.042503777422458,-0.0155096753307263,NA,NA,NA,NA,NA,NA,NA,NA,NA,NA,NA
591.557,NA,NA,NA,NA,NA,NA,NA,NA,NA,NA,NA,NA,NA,NA,NA,NA,NA,NA,NA,NA,NA,NA,0.459827796971522,0.443144723984733,0.426524729518963,0.428097694186407,0.427561005990537,0.416870343563007,0.401411354208545,0.402025686117825,0.395030330600216,0.388111048024877,0.39435961616645,0.389403463077367,0.384129164332511,0.390955194181927,0.384549200426635,0.37277811557291,0.377417806409291,0.373620864882515,0.37109667739855,0.373786409136567,0.369456773393829,0.358018517286284,0.354711617078019,0.350385259706095,0.328243624075281,0.325978414547316,0.316925538348996,0.313883239580716,0.309733247640438,0.30603635431497,0.285810653391991,0.287058567534876,0.276325705953079,0.282383048265463,0.273756856361592,0.261136584031963,0.243283357412365,0.242479653940383,0.243201457267527,0.239864204898342,0.221511140207419,0.221309220644703,0.204945575448505,0.195928638968777,0.196812008698445,0.181755102652103,0.180802590831739,0.170284208695639,0.168196548950164,0.164912206042558,0.158190970983443,0.145353932601841,0.142455525704412,0.138447582368108,0.133887365401999,0.130190066187456,0.118021567637649,0.119157927683012,0.105952922210591,0.098938431960542,0.100524645448917,0.0917660622475966,0.0936008496686465,0.0846120172197602,0.09769392209832,0.071216843718206,0.075587696738269,0.0696449619052688,0.0661683182879064,0.0513013966370536,0.0632632431586247,0.0616523301396789,0.0540578145213306,0.0532631932412039,0.026535698928484,0.0113431199677645,0.0192556003204423,0.0283990030673832,0.00441895907131751,0.0181443245976249,0.0120512664661831,0.00851807892624611,0.0232136555939911,0.0257335591692948,0.00101169642747235,0.0258682500065244,0.0116201599241699,NA,NA,NA,NA,NA,NA,NA,NA,NA,NA
593.237,NA,NA,NA,NA,NA,NA,NA,NA,NA,NA,NA,NA,NA,NA,NA,NA,NA,NA,NA,NA,NA,NA,0.427527140632883,0.420176287313121,0.420379736439234,0.425700199456819,0.404536419852434,0.390850748551397,0.394871571590178,0.392279252922953,0.38174793200531,0.386351306858987,0.379181388715421,0.376049871572339,0.375944845041609,0.366214864135231,0.369496299727108,0.37400614847706,0.364435367392279,0.362651250671325,0.360910718913383,0.364430378869053,0.352173534894915,0.353994114658959,0.340207309847816,0.326772953151108,0.323350161530313,0.314058212490981,0.31037353056198,0.304470777819942,0.298270261528601,0.286193490985828,0.291379067271799,0.275278507590977,0.276509081084564,0.264743693407408,0.262532191614572,0.249554062042203,0.244171574743405,0.236079304817721,0.231749928550252,0.227835987798104,0.218363984408329,0.212380899053531,0.203851731775705,0.199636201935935,0.188261917513931,0.177905236271368,0.179354850777014,0.168433581250731,0.172114233578356,0.157903687627061,0.150710583555594,0.142237212668052,0.138417571650829,0.138274510983334,0.124667017465486,0.125435532275458,0.116979151679406,0.119419799096183,0.117132208781549,0.10179728584806,0.0994459628852573,0.0985411788550726,0.0823631905241285,0.0790620462900208,0.0694509282325754,0.0842509849976128,0.067332771059868,0.0693956886373813,0.0609026785702622,0.0425314752085727,0.0615723736607227,0.04316031120234,0.04273505328986,0.0542817122334855,0.0337265706164429,0.0260569381490107,0.0319713099356597,0.0268106032601368,0.0240017383379151,0.0264442657861646,0.0251571573434036,0.019977720514795,0.0359699457870954,0.00198625641026952,0.0173042619320341,0.00727880591252737,0.0254768432661985,NA,NA,NA,NA,NA,NA,NA,NA,NA,NA
594.917,NA,NA,NA,NA,NA,NA,NA,NA,NA,NA,NA,NA,NA,NA,NA,NA,NA,NA,NA,NA,NA,NA,NA,0.42382903241323,0.401817793764406,0.404277790709317,0.388096228631089,0.395215137124478,0.390266481778622,0.39524677798042,0.373047621558459,0.37439957788764,0.374345571949777,0.369351623114518,0.361853201396673,0.368067408060182,0.351495695462784,0.351741728343327,0.354486327238681,0.352831364258735,0.346651180523366,0.362905068858172,0.338343860475322,0.337480921943951,0.341111691952671,0.321178988637535,0.31896311368507,0.320718259337306,0.309349375885787,0.29153417391725,0.292745567941147,0.292587017391844,0.277465334521843,0.289597233656542,0.270398174366052,0.260138426518313,0.248114515334014,0.24086422285584,0.241640795959703,0.228101793944449,0.234949883312207,0.223566625509963,0.214848458508488,0.219943017154641,0.199213291763386,0.198916954934243,0.187216055031684,0.181503185751817,0.167704816922951,0.168337214252206,0.162296706781728,0.160768275445806,0.150446041557957,0.142586500068092,0.141143018400677,0.130520595964701,0.130615646854578,0.127188663708193,0.112192063952041,0.110151032410292,0.0957394197972667,0.103679439748763,0.0981319070851557,0.106416806365149,0.0951804465904296,0.0775950687077609,0.0767578591014077,0.0731767412751088,0.0643110684967486,0.0662527720782164,0.0594379477865628,0.0532049418817306,0.0451427017296365,0.051864980299372,0.0466721721878262,0.0440227597649418,0.0560681998977844,0.0286936912030752,0.031341971495466,0.0139309729262162,0.027744489268778,0.0403940411926984,0.0318943891916123,0.0105349277606822,0.0166421436830027,0.0250364180859604,0.0215203061872934,0.0219850370086984,0.0149608366861223,-0.00327818532770988,NA,NA,NA,NA,NA,NA,NA,NA,NA
596.597,NA,NA,NA,NA,NA,NA,NA,NA,NA,NA,NA,NA,NA,NA,NA,NA,NA,NA,NA,NA,NA,NA,NA,0.406259516762287,0.410278107421056,0.385366794425636,0.385051008054714,0.383131031291284,0.37611383964253,0.375910031993917,0.365658530525335,0.367767464068063,0.362788717726537,0.361802782246036,0.360448287218074,0.359850880185235,0.352160528865324,0.350487214503153,0.347418687743824,0.350491397790125,0.346168488839494,0.345435564298204,0.337351075724174,0.329482913019858,0.323860069384683,0.317713203281329,0.314565626702671,0.300420750597357,0.302828119723952,0.291119082915597,0.284326311085279,0.287600036707573,0.278457061123317,0.265980614534848,0.263347641873716,0.248230307282367,0.235938779250377,0.234977740235867,0.237125591558356,0.233493162150984,0.224012624685041,0.224004403089478,0.212284254151521,0.199920660998635,0.199044506916836,0.187002000639147,0.187403076826617,0.16850528687567,0.17383029796992,0.15950267482137,0.164818520278303,0.153904363851303,0.14822668824429,0.145590610523753,0.132456042759372,0.13508512340092,0.128591630966438,0.120911837028062,0.109465848864831,0.108336711730571,0.103975172619228,0.0993153565942961,0.0941219618982226,0.0927445458455361,0.0983311562280244,0.0918583707154758,0.0795003969296901,0.0737634175946148,0.0683387794647362,0.0637539449703829,0.0567678375204366,0.0536394945744635,0.044829702443939,0.0395674381238811,0.0544031878223474,0.0451486336998745,0.0310462529652325,0.0347118954756163,0.0136646036664415,0.0298435483451669,0.0261661268378069,0.0416495821446622,0.0217514489549821,0.0318636940532061,-0.00197961355415169,0.012116238724041,0.028927903067408,0.0200533024353169,0.0172370569288467,0.0022035103837245,NA,NA,NA,NA,NA,NA,NA,NA,NA
598.277,NA,NA,NA,NA,NA,NA,NA,NA,NA,NA,NA,NA,NA,NA,NA,NA,NA,NA,NA,NA,NA,NA,NA,0.403143473420122,0.390876566876337,0.385255759379477,0.372232834423456,0.367901041167318,0.365312559686883,0.359080100270782,0.363480444923697,0.363782426641793,0.356913475602226,0.349346286679732,0.35047667457358,0.332867517838532,0.348004064503911,0.333459324818777,0.332987218923447,0.332217002075402,0.338209692076726,0.328520643630709,0.333761198200981,0.316249511698444,0.31743760387912,0.309621005359682,0.312427600210116,0.293710838888822,0.288328934385113,0.279899088176682,0.285077025128663,0.279662675437792,0.261176495765249,0.265610606215235,0.252921331680128,0.251029773281362,0.228922036694678,0.229346200513963,0.230275032512734,0.225375044740472,0.228523457706553,0.218197592358111,0.204558629575758,0.20296900270829,0.191983831856546,0.18391744358496,0.178790817664286,0.17714917371691,0.162432302950866,0.16005101757329,0.158406119371407,0.151506376458816,0.147063455355924,0.133964081311042,0.132327483690203,0.128220049074299,0.13062400471071,0.119629931799615,0.112869488001399,0.111445705602957,0.108378853932277,0.103519853601789,0.0926133127651637,0.0876051160240502,0.0911254284697667,0.0917282746026283,0.0883028984778341,0.0648934278444111,0.0648737530199519,0.0582465356290747,0.0700597140738491,0.0548223749817955,0.0486990190305601,0.0499413185701052,0.0475089241400213,0.0502269615403128,0.0458202801132599,0.0292088900832452,0.0267308491502933,0.0194985424975938,0.0109323570958266,0.00840940370440748,0.010503404181189,0.027298708677352,0.0219188943298069,0.0489308796186781,0.0125184623946938,-0.0031970751467432,0.027195905616224,0.0100181823820785,0.0262270743590188,NA,NA,NA,NA,NA,NA,NA,NA
599.958,NA,NA,NA,NA,NA,NA,NA,NA,NA,NA,NA,NA,NA,NA,NA,NA,NA,NA,NA,NA,NA,NA,NA,0.383733186352205,0.374903755988212,0.384873970879934,0.368943890889338,0.363822581240586,0.358124996871169,0.351198773755839,0.353607610198044,0.352150226164657,0.350044260855242,0.344950798094317,0.33785891870449,0.336540846516385,0.334914876517603,0.333602491572407,0.337008476458068,0.332266176048403,0.327511825133682,0.327086527534907,0.315994699910619,0.307840397295743,0.316399662508964,0.298609731336753,0.299535121665747,0.290557741331645,0.284158095735465,0.280023494587202,0.28564289095419,0.266375390980761,0.252832794538927,0.251818212718427,0.249495748598494,0.241351799860659,0.226312628888175,0.224447238191007,0.223137800550925,0.215307288284067,0.217852687849637,0.20827149828741,0.210452357625743,0.187784623183419,0.190824023453494,0.182415628054847,0.168870998148191,0.175079188765366,0.161219445481495,0.16227315540127,0.14857463923497,0.148263734920052,0.145556373886199,0.131635400929518,0.125356003895626,0.131622554049623,0.117661623974159,0.118859332986375,0.115921815963227,0.105214675258983,0.102910573531279,0.100792504833519,0.0946850535460633,0.101908890596717,0.0861446898557092,0.0838215097717571,0.082090392301373,0.0723160140435401,0.0714214370398781,0.0538236617657863,0.0713442420502802,0.0513183645475025,0.0484442695657948,0.0410372759708422,0.0494420687766558,0.0335224856197968,0.025144321190355,0.0370542214159705,0.0261046112611439,0.031304035204483,0.0303373779294787,0.000942145826264149,0.0289092515897113,0.0186929331541193,0.0321787920626995,0.0205735253268313,0.00736813739119719,0.0193577927672423,0.0109779030052792,-4.06417263793719e-06,0.00114734793634775,NA,NA,NA,NA,NA,NA,NA,NA
601.639,NA,NA,NA,NA,NA,NA,NA,NA,NA,NA,NA,NA,NA,NA,NA,NA,NA,NA,NA,NA,NA,NA,NA,NA,0.366751263718896,0.36112821662177,0.346704436386346,0.352660014685093,0.347480619449371,0.336311741073768,0.347155472731214,0.337788313776922,0.338299621063594,0.340820596018958,0.339095886167033,0.329156377251825,0.323300169309634,0.321839391576292,0.31882654668843,0.322103867752462,0.320874272275515,0.309350563565114,0.325070173974246,0.314871379092144,0.305916231250981,0.303561236725175,0.292900823039678,0.288648581816437,0.286536817127416,0.270165780725203,0.256496968405379,0.271203718555942,0.262427590142321,0.255360813924395,0.247170391134803,0.236476234085064,0.227930471225058,0.219998943823601,0.222050448339038,0.21023957890234,0.215010489107024,0.194969059730183,0.198001060399159,0.19590175648901,0.184206699320127,0.18342789265915,0.172540353130671,0.161223710345961,0.162926359764177,0.158328302469595,0.14298820767593,0.142573590251486,0.134681508032837,0.131314416241723,0.121732631398535,0.119564988342524,0.115940345033228,0.114836916154148,0.104704398197652,0.113434276138964,0.100044846067886,0.0873989572062585,0.0898739988631008,0.0910851691831455,0.0895451169948291,0.0832507242430686,0.0700509767703434,0.0606838278322263,0.0556550810284704,0.0696788512991208,0.060103286847774,0.0670260811474097,0.0535897036020579,0.061536792498265,0.0406741961828107,0.0501727555947834,0.049756669605304,0.0381063347589736,0.046372358895984,0.0152891769798057,0.0314309602471778,0.0350858113312992,0.0203475897368827,0.0247313163699704,0.010091909525224,0.0299931270638494,0.010584960601184,0.00216230444383626,0.00331250177872335,-0.0135577401579201,0.0196724194587912,0.0271750015196628,NA,NA,NA,NA,NA,NA,NA
603.32,NA,NA,NA,NA,NA,NA,NA,NA,NA,NA,NA,NA,NA,NA,NA,NA,NA,NA,NA,NA,NA,NA,NA,NA,0.365549417300303,0.355695308253057,0.352815354799216,0.346788325021746,0.332641415497017,0.342879408205983,0.329938272176518,0.327814214883162,0.332227619281275,0.324541329829475,0.325673611494324,0.315637804630415,0.319015667489957,0.309334830397844,0.310403008029965,0.315557741020993,0.307063123832171,0.302837254007722,0.306230338312563,0.308099287317238,0.288838368837623,0.296454014123553,0.288127568056595,0.282429888187727,0.267530739666939,0.270067679280197,0.262491940856987,0.260105006521697,0.244829990191088,0.242141699242802,0.233666512484072,0.246415784048873,0.218993935718765,0.22293736334117,0.213969557229386,0.203153479593716,0.201637565779554,0.203526445696725,0.181366412723016,0.184284199149335,0.181216908583612,0.156949507106484,0.167682544692874,0.1543767957452,0.153222750709211,0.158206259432913,0.145787462251488,0.137540053937269,0.131459052767056,0.129105442857794,0.128631163919221,0.120245931694116,0.11634193077351,0.113296756588837,0.104960979609611,0.0962833588494321,0.0917764816437432,0.0916116921008993,0.088325673460451,0.0836783636167951,0.0802543905670999,0.0925683471348306,0.0720899163274283,0.074281451152136,0.065601093085959,0.0644453448971887,0.0487452599760834,0.0593070334459651,0.0629931473034512,0.0465974693139972,0.0393910064249976,0.0378453926131161,0.0434759523197675,0.0323616145143638,0.0193578896525907,0.0361793972933361,0.0316102594472208,0.0114423084962969,0.0389783987045106,0.0169125756039166,0.00101655809450029,0.0104017111561111,0.0106444725539848,0.00652482793964999,0.0432961223191682,0.0113557934616353,-0.0058233310161021,-0.0202006316313613,0.00484147463644291,NA,NA,NA,NA,NA,NA
605.001,NA,NA,NA,NA,NA,NA,NA,NA,NA,NA,NA,NA,NA,NA,NA,NA,NA,NA,NA,NA,NA,NA,NA,NA,0.348396871275963,0.338477357163619,0.335662628569573,0.340832292534327,0.337236648066601,0.331059301089591,0.327137592586967,0.321501115150487,0.313466247295581,0.310912251249465,0.311719182791259,0.31158822190813,0.302683174345358,0.313367264793212,0.307543724419276,0.310313464107534,0.29867860875312,0.295709505244166,0.292662031882145,0.29786237466602,0.286780027815889,0.283674544814308,0.277999708681399,0.264832234055176,0.26763408245336,0.260743811350856,0.251052001595332,0.242494632388676,0.240147931716293,0.234033133310078,0.236244044792904,0.22580770137809,0.218713761079683,0.214602362865886,0.208376705965069,0.211853396602725,0.197981037727168,0.184809071157695,0.174401843438239,0.18585484968861,0.175033452758632,0.165233946441484,0.155373934008898,0.156303788076574,0.153282802603485,0.150315960185369,0.139643502833605,0.13689074112707,0.129070805124873,0.127041861050257,0.117509844169072,0.113296470428143,0.11320281828283,0.104545128482264,0.0975017939476316,0.0949268989521662,0.106803750616733,0.0875188085498223,0.0904261910576865,0.0876762062023451,0.0891090482096822,0.0790774809443275,0.0792204437659325,0.0673906680839504,0.059005927531042,0.0732337118973199,0.0468155370853564,0.051924347209798,0.0469142631766555,0.0466142678650968,0.0462280486951888,0.0299659002067999,0.0344659351489832,0.0468593110165331,0.0211264275227894,0.0117632859984279,0.0232498089784638,0.0200323860888347,0.00292355577872289,0.0258787887431617,0.0447494244567811,0.0166486690127827,0.00425974294387196,0.0369904743650208,-0.00777316646070023,0.0124978069376514,0.0151370877301321,0.00712699170643423,0.0230066823490446,NA,NA,NA,NA,NA,NA
606.682,NA,NA,NA,NA,NA,NA,NA,NA,NA,NA,NA,NA,NA,NA,NA,NA,NA,NA,NA,NA,NA,NA,NA,NA,NA,0.327705448512164,0.327594173157887,0.325558304134073,0.321533914001654,0.311885557986408,0.310927974915263,0.313815600548537,0.310949169921656,0.309365167538894,0.300602135435539,0.291819130858465,0.301484818038644,0.298810869522178,0.298752043609727,0.294382150685042,0.291058151449927,0.288695734098944,0.285559436248974,0.284587761263099,0.282036684016987,0.277414036076211,0.274253828532237,0.266135372933241,0.263752944422382,0.255627728619304,0.241025857488939,0.254555928964238,0.243957891925738,0.230957676147356,0.223750215552345,0.210516866326351,0.209468866186282,0.201672446467262,0.198241467812554,0.19153054960938,0.189079260498742,0.186550948349609,0.178505805138343,0.173922960625979,0.165922725778012,0.180252718033114,0.155444384324846,0.155065139638727,0.144525625466233,0.144608935465937,0.133655255068842,0.135650672473497,0.121271616661934,0.118538281993568,0.117662590060309,0.107900005433145,0.113544194939098,0.104444147693552,0.106962831764909,0.0990680864932988,0.0975717216104352,0.101565426856174,0.0896537297611821,0.0798673995210491,0.060941788232616,0.0740914776595275,0.0729161261890897,0.0653961484731909,0.0713607639555778,0.0585959638793818,0.0569890832197969,0.0550677248688136,0.0543941635078063,0.0282896310103312,0.0543453684166266,0.0487044188856093,0.0441366058149656,0.0330941767910011,0.0341930484087446,0.0432606835132871,0.0259377287838137,0.0171004385377683,0.00873666481844753,0.015857883281891,0.0111261633199557,0.0165798893727615,0.0265179956084044,0.0357606989484582,0.00110744618856691,0.0339543711947176,0.0115882591854549,-0.010664160376412,-0.00361888599324475,0.00121239691296876,NA,NA,NA,NA,NA
608.364,NA,NA,NA,NA,NA,NA,NA,NA,NA,NA,NA,NA,NA,NA,NA,NA,NA,NA,NA,NA,NA,NA,NA,NA,NA,0.328772540967764,0.316283300730826,0.310212767613319,0.315895073673911,0.309447180315191,0.307931015416375,0.302503496696972,0.302254044403764,0.29552251818586,0.2895627706251,0.296145787197055,0.293584661600315,0.287823471166671,0.289233199460749,0.277898020944683,0.284190318350357,0.286525905264824,0.271636647489056,0.278618968268796,0.280657269551742,0.266662809624832,0.268036573203718,0.255953358557252,0.258880241583904,0.25470926424218,0.244925884448167,0.23657591462345,0.220907952421713,0.220950390621797,0.221248986537831,0.219544561360116,0.204432099482572,0.197791563126283,0.191020169671354,0.189980428260974,0.181960742437358,0.178658727033261,0.167882948051716,0.172527363648424,0.16820416084565,0.159280172546976,0.162418740445306,0.143698469972332,0.136821918779445,0.140024565877369,0.133652315059127,0.127266934235993,0.127303546947149,0.118791114210455,0.116885616028059,0.107317488669596,0.10420676711975,0.104470641972254,0.0945921624326145,0.0905167253021825,0.0892134182361114,0.0871541700980655,0.086754106138451,0.0797260951187794,0.0861424663763569,0.0695516276716143,0.0856809264029237,0.0723732628606061,0.0599198485002325,0.0610271563976345,0.0562146546015431,0.0555834027795792,0.0513840737077991,0.0366093216383232,0.0243770269738838,0.0428151583250486,0.0412496598090148,0.0376859879604132,0.0451368704937107,0.0191029225612301,0.0439465555914286,0.0287727118702246,0.0313610439702639,0.0330184157667562,0.0460059236097843,0.0073202436008703,0.0289076171785243,-1.1589140488211e-06,0.0267964515270448,-0.0045776757632928,0.0163770093731393,0.0382179634643219,0.0121728100135827,0.014926465492476,NA,NA,NA,NA,NA
610.045,NA,NA,NA,NA,NA,NA,NA,NA,NA,NA,NA,NA,NA,NA,NA,NA,NA,NA,NA,NA,NA,NA,NA,NA,NA,0.312070982358311,0.31505885198552,0.303280267865094,0.286815011175641,0.294637628542132,0.299925416756966,0.295888906798902,0.289566773632206,0.284463817839036,0.284620464516279,0.282158843731957,0.279532280809812,0.26972116524267,0.283809325840238,0.273116777215406,0.280016485035747,0.275725253038957,0.277246537026515,0.268203794592956,0.255582740222429,0.253390242694543,0.254390980494483,0.257629949301642,0.245598961468774,0.245394383374641,0.231454363659996,0.229173465041728,0.225095863857499,0.221219230526943,0.207772411915136,0.197804003328077,0.197650132246393,0.190842978938878,0.192513860985919,0.188474098530751,0.187268240819133,0.168570409849766,0.171143044974125,0.171688504969442,0.160741379690932,0.159565613106633,0.154744641377712,0.144252954762831,0.14274540367926,0.131163261896257,0.127325692082031,0.124109388858328,0.115400152875913,0.112326241693728,0.109519657474031,0.106354595056323,0.103401667174057,0.0966383960216496,0.0977575568874007,0.0871322860646091,0.08743977664875,0.0790582596147396,0.0774186799118182,0.0918925283951409,0.0726546421828473,0.0683313413876473,0.0651875772651844,0.0554375969642825,0.0561472232978597,0.0608830314427603,0.0586776735290784,0.0486875432132587,0.0442311578044017,0.0452783873324639,0.0417934735027965,0.0348078186141093,0.0115197515222282,0.0427116506867964,0.0344248616485359,0.0226795021323217,0.0158560181937824,0.00669537716949198,0.00977441374527429,-0.0179638618895316,0.0193879444067767,0.0135669912712979,0.0427130393621842,0.00109146916566384,0.00667977187692922,0.0182373347034651,0.0151835055655875,-0.00117759358509316,-0.0218522783183274,0.0111775060173432,-0.0229709249673949,NA,NA,NA,NA
611.727,NA,NA,NA,NA,NA,NA,NA,NA,NA,NA,NA,NA,NA,NA,NA,NA,NA,NA,NA,NA,NA,NA,NA,NA,NA,0.294306935043991,0.30363414643874,0.29700331175663,0.283908427786409,0.290723565168196,0.286612260861588,0.280164676898674,0.284160607980246,0.281325431049333,0.274465070718302,0.274877238930505,0.271915433124078,0.271853129096784,0.26021305830759,0.271995317878552,0.265306667074842,0.256046513765708,0.265290283078593,0.25968720306013,0.249939926749198,0.255032087545471,0.245167396562609,0.241443066463459,0.237942735626678,0.231127413404623,0.238971764355852,0.220950922053827,0.218003266134817,0.203860585957235,0.204761062771909,0.194951385507168,0.189797630328814,0.19596812177147,0.181608374479604,0.177992311427661,0.174196970580428,0.175240564824561,0.163382831292015,0.157874196396429,0.152002559926453,0.142139444553271,0.141063685330331,0.140829508390068,0.138278096993601,0.131324843301003,0.12575007553115,0.117469728862656,0.11088890290121,0.104852807934875,0.105505058985949,0.103631823015326,0.102987635764752,0.106014192839593,0.0855706586630093,0.0889905784710315,0.0822715543131121,0.0842958332339937,0.0806095756245211,0.0803128365330787,0.0785228058754372,0.0792839075960764,0.081081841114912,0.0768778996512404,0.0563701607028595,0.0392697154758607,0.0634675292443427,0.0476890584284949,0.0557962710315202,0.0384514219348593,0.0452913075418117,0.0345704229769247,0.033511897722635,0.0305495614401941,0.0236750637347891,0.0180252475939544,0.0222339536931397,0.0218561984462785,0.0310723288185407,0.0228005581233029,0.0222912440950849,0.0259137562903364,0.0201533904918509,0.00866897398148875,0.0243353379988499,0.0305561682030596,0.0313050793375821,0.0130256391775455,-0.0048243164959386,0.00492622629698145,-0.00887375414636101,2.00202095864078e-06,NA,NA,NA
613.409,NA,NA,NA,NA,NA,NA,NA,NA,NA,NA,NA,NA,NA,NA,NA,NA,NA,NA,NA,NA,NA,NA,NA,NA,NA,NA,0.28846821669358,0.283618473727543,0.275190651172544,0.273035095496483,0.274467120453052,0.272644686114412,0.273491669546586,0.267799575453854,0.260285754577243,0.261300833175653,0.265013685961595,0.262927131236123,0.270266977643399,0.256119833339869,0.26208545927421,0.260680901587967,0.260212666223336,0.24775038497088,0.246850849331282,0.242342704612094,0.237763522337393,0.240813634146485,0.236075960277517,0.219425341666724,0.219814184947486,0.211005765010909,0.21770896385894,0.214747632779844,0.191259864841003,0.199359672207415,0.195751361010154,0.189042202532873,0.177064339703294,0.173480038391264,0.171263470663343,0.159092839709581,0.161274807003448,0.155734392203396,0.155760476711408,0.146861790933268,0.134644663570524,0.136891854431311,0.127220687051859,0.125784535813901,0.121133453309508,0.115214124816667,0.11670697777785,0.106394629488895,0.10392313398339,0.104373385703078,0.0967089757781005,0.091680796463302,0.0910621167931447,0.0876532217322047,0.0968748242176984,0.0822920457325226,0.0831317751061352,0.083440595476378,0.0859023719293009,0.0679200253236544,0.0707863575591883,0.0654425416216552,0.0606082098758155,0.0511480603565468,0.0524902471196682,0.0443564451247324,0.0635078621439731,0.0551720148460379,0.0370104751027295,0.0345826941579081,0.0359877234375374,0.0288705914009395,0.024566359011302,0.01623348083734,0.00833977150485743,0.0247209714567051,0.0184599822079732,0.0208303674655992,0.00708153083896729,0.0176288732717755,0.0127373032849031,0.017349149039413,0.0199245995117937,0.0113256977218717,0.011596157834419,0.0236884378616161,-0.00241398716826982,-0.00371108732975767,0.0266402092163159,0.0339517499254457,NA,NA,NA
615.091,NA,NA,NA,NA,NA,NA,NA,NA,NA,NA,NA,NA,NA,NA,NA,NA,NA,NA,NA,NA,NA,NA,NA,NA,NA,NA,0.268363658734776,0.278328955654855,0.261235689476241,0.270423206102042,0.25958918259642,0.261772256926848,0.272221253571144,0.252228386684497,0.269230810607274,0.253357152679797,0.247713900083322,0.246104703317398,0.254514529491761,0.248854494912466,0.245242034429816,0.247381746465385,0.249143922925792,0.251437836775472,0.243398559500702,0.237385200094307,0.228916775498631,0.235557915752685,0.23069659595965,0.222993398061897,0.212336233357619,0.223095067019407,0.206839845490057,0.194499362408796,0.181749241006683,0.195012078836421,0.18220504298742,0.181233857177844,0.162044740633832,0.168792108250671,0.154319420779303,0.166479883464845,0.159426518632772,0.14792147240538,0.147355723816011,0.141896267490702,0.139459061139809,0.130392657190372,0.124756198579222,0.121413066415625,0.111973713579911,0.109827574023692,0.108056257825265,0.102994970584502,0.100801911374416,0.100317312880768,0.100968393207878,0.0936600577207635,0.087122077636822,0.0853695103777166,0.0836610998631833,0.0833339759059645,0.0722618817999544,0.068348048329437,0.0628020898102988,0.0713926171807252,0.0668180473587237,0.0715863675446721,0.0634616482347025,0.0448038858143423,0.0465512415597875,0.045590987626286,0.0550050876434601,0.0398337814060055,0.0241124935624875,0.0290205979977044,0.0359064568518052,0.0152488437204791,0.0262597776031888,0.031491082294182,0.0184971051011297,0.0180240371605607,0.00969372074641946,0.0207838494064854,0.019215041738814,0.0165575331715682,0.0360057476024183,0.00324561389659862,-0.0121476953999513,0.0135567909779545,0.0231485378099959,0.0106349339061384,0.0409380724007853,0.0036973857664354,0.0139208114522522,-0.0260566813015065,-0.00809157068692417,NA,NA
616.774,NA,NA,NA,NA,NA,NA,NA,NA,NA,NA,NA,NA,NA,NA,NA,NA,NA,NA,NA,NA,NA,NA,NA,NA,NA,NA,0.272896448264218,0.26126181168463,0.268009977861203,0.257829209285186,0.258219358954639,0.255615872899841,0.250198711749571,0.239507818012654,0.244066199293546,0.243766067256812,0.253109572590102,0.24125729999002,0.244338945289057,0.237586615886459,0.238563607726331,0.240274230865901,0.237415436469589,0.235980538433934,0.231369017184526,0.233217905612293,0.2228316602152,0.224973471394791,0.218266061804207,0.214517436955721,0.208361535925863,0.193971601582528,0.192862951990926,0.185786787988472,0.175871291511042,0.161138040422304,0.174008340447921,0.157618160102448,0.16284101800647,0.159047128362062,0.16190238195727,0.154026531019677,0.154923464559004,0.147881933405067,0.129123901123664,0.129828804807836,0.12954304201101,0.121407889869185,0.118162923539455,0.11924893428096,0.110156146822353,0.109709997382525,0.109459432813875,0.0997334087321283,0.0972005196465636,0.0926429820963331,0.0928305859401027,0.0909891527510587,0.0846392978603259,0.0818119774512891,0.0847414332784405,0.0735024824592678,0.0747414887218472,0.0692938890498121,0.0760447055429447,0.0684441656973828,0.0599834096689186,0.0581142282954909,0.0607424010740355,0.0513797766341889,0.0385830773667401,0.0426943725913211,0.0429387328605493,0.0518726418498326,0.0307332822562007,0.0468140339239754,0.0284093255282834,0.0278088433792523,0.0287346355065593,0.0125303288237078,0.028517947256233,0.0150990520885781,0.0231417004927861,0.0295345704653354,0.0191128116699428,0.0133783118418488,0.00948077666559178,0.0215228722604421,0.00988709075136025,0.0269700605599757,0.0138211589144794,0.0188013151694254,0.00119772764874699,-0.00612496198781168,0.0138480177061817,0.0142589832770702,-0.00268369503784834,NA,NA
618.456,NA,NA,NA,NA,NA,NA,NA,NA,NA,NA,NA,NA,NA,NA,NA,NA,NA,NA,NA,NA,NA,NA,NA,NA,NA,NA,NA,0.25704016381788,0.242897159417253,0.241110121019346,0.24570945054438,0.245481282303316,0.242328039495233,0.236699733167586,0.24126448231365,0.238727867044436,0.237506854835067,0.236128449994607,0.233241542310724,0.234952889875148,0.233868161878789,0.227304780518698,0.226996750541856,0.228905535527448,0.224901891222896,0.223349473642114,0.209265839624683,0.215565896968406,0.206160734485227,0.197376586382201,0.193157188204464,0.204288947562375,0.195734214391767,0.192055015854082,0.169565881977894,0.172216003244023,0.173183003921386,0.162527299925745,0.157791345130866,0.148776621514201,0.153402763507019,0.140905622907788,0.140118070193838,0.139195848251,0.129318439352261,0.12258404476533,0.127694971642087,0.124670373179706,0.118880947900326,0.110788118521251,0.112287457720663,0.106166880153922,0.102374839547698,0.0952764733885074,0.0909936406416213,0.0903227572005978,0.0906051825833064,0.0898823709596871,0.0756475730352729,0.0767510342980536,0.0844887764303704,0.0674774880647255,0.0728072459272246,0.0645983686066,0.0601476909004188,0.0541102064765257,0.0660276608317182,0.0633307295790284,0.0536740750423085,0.0558038119156346,0.0489502575975217,0.0480945970894116,0.0430021094245187,0.0382426371543334,0.0375356377039862,0.0242202129291202,0.0154434052269916,0.0210993340042763,0.0218012994186246,0.0268904607618661,0.0322483309130814,0.0170104830818198,0.0144843066825294,0.0236629032077039,0.00906580983393113,0.0216471843344724,0.0390346579313065,0.0226333294001482,0.0275038927081414,0.00787558540018156,0.00230058733176316,-0.00236499696226734,0.0191921090329509,0.00735084322620339,0.0063041971098358,-0.032453085039331,-0.0161209152119302,0.0335710097954109,NA
620.139,NA,NA,NA,NA,NA,NA,NA,NA,NA,NA,NA,NA,NA,NA,NA,NA,NA,NA,NA,NA,NA,NA,NA,NA,NA,NA,NA,0.295725656785387,0.282954079552783,0.284007716915633,0.275267318066816,0.289234665736566,0.28351500424896,0.27126948388644,0.269868629644358,0.263623773728154,0.266265004938057,0.257264311953337,0.270874048223095,0.268719483097654,0.277002295993127,0.272229172779334,0.264579034532702,0.265400987680673,0.249419786657159,0.247547034313944,0.253467890544751,0.248745854471831,0.244710031740509,0.234921500110411,0.228758173678242,0.2197816675563,0.226835496885649,0.214607511891233,0.2044948266059,0.195583528954296,0.192809563709192,0.193452538022406,0.181683462867959,0.190776131693659,0.170008369437836,0.184854874192002,0.170633156104934,0.166797927406141,0.160582073011124,0.168262367934585,0.141405531197433,0.131199953106433,0.140164925666792,0.133679641455907,0.126269041830047,0.129568562145469,0.114504844492857,0.10633633020762,0.113805197451344,0.101009427393391,0.107461057042117,0.104914188524835,0.0908891314990982,0.0892544822191984,0.0922293358864612,0.0826709287392397,0.0821881497107881,0.092487165319256,0.0691111803002405,0.0746884587317282,0.0777711365821601,0.069483203824579,0.0668182890728464,0.0430264406639037,0.066671897575913,0.0699603565136223,0.0270245269773452,0.0553553464006572,0.0402267466621841,0.0447191234184217,0.0336602117342465,0.0287777292418734,0.0233623009713831,0.0392952805005962,0.0538592790859598,0.0310735493050366,0.0235202169113864,0.021613214326964,0.0380298044568836,0.0112959243511683,0.0385437840023725,0.0118117882763243,0.0214371661224888,0.0356387702774213,0.00421342940433488,0.0100445305434753,0.00146059065363617,-0.00597518428555269,0.00921289247205652,0.0252913729744084,0.0425358900796139,0.00170332769997603,-0.042364472081742
