NA,246,249,252,255,258,261,264,267,270,273,276,279,282,285,288,291,294,297,300,303,306,309,312,315,318,321,324,327,330,333,336,339,342,345,348,351,354,357,360,363,366,369,372,375,378,381,384,387,390,393,396,399,402,405,408,411,414,417,420,423,426,429,432,435,438,441,444,447,450,453,456,459,462,465,468,471,474,477,480
283.73,-0.0641359031776336,NA,NA,NA,NA,NA,NA,NA,NA,NA,NA,NA,NA,NA,NA,NA,NA,NA,NA,NA,NA,NA,NA,NA,NA,NA,NA,NA,NA,NA,NA,NA,NA,NA,NA,NA,NA,NA,NA,NA,NA,NA,NA,NA,NA,NA,NA,NA,NA,NA,NA,NA,NA,NA,NA,NA,NA,NA,NA,NA,NA,NA,NA,NA,NA,NA,NA,NA,NA,NA,NA,NA,NA,NA,NA,NA,NA,NA,NA
285.33,0.0251724291563488,NA,NA,NA,NA,NA,NA,NA,NA,NA,NA,NA,NA,NA,NA,NA,NA,NA,NA,NA,NA,NA,NA,NA,NA,NA,NA,NA,NA,NA,NA,NA,NA,NA,NA,NA,NA,NA,NA,NA,NA,NA,NA,NA,NA,NA,NA,NA,NA,NA,NA,NA,NA,NA,NA,NA,NA,NA,NA,NA,NA,NA,NA,NA,NA,NA,NA,NA,NA,NA,NA,NA,NA,NA,NA,NA,NA,NA,NA
286.93,-0.0278938785935517,-0.00157255312939994,NA,NA,NA,NA,NA,NA,NA,NA,NA,NA,NA,NA,NA,NA,NA,NA,NA,NA,NA,NA,NA,NA,NA,NA,NA,NA,NA,NA,NA,NA,NA,NA,NA,NA,NA,NA,NA,NA,NA,NA,NA,NA,NA,NA,NA,NA,NA,NA,NA,NA,NA,NA,NA,NA,NA,NA,NA,NA,NA,NA,NA,NA,NA,NA,NA,NA,NA,NA,NA,NA,NA,NA,NA,NA,NA,NA,NA
288.531,-0.0147325913486993,0.0221734795170584,NA,NA,NA,NA,NA,NA,NA,NA,NA,NA,NA,NA,NA,NA,NA,NA,NA,NA,NA,NA,NA,NA,NA,NA,NA,NA,NA,NA,NA,NA,NA,NA,NA,NA,NA,NA,NA,NA,NA,NA,NA,NA,NA,NA,NA,NA,NA,NA,NA,NA,NA,NA,NA,NA,NA,NA,NA,NA,NA,NA,NA,NA,NA,NA,NA,NA,NA,NA,NA,NA,NA,NA,NA,NA,NA,NA,NA
290.132,-0.000669940587799278,-0.0218365399380374,-0.00623257295398618,NA,NA,NA,NA,NA,NA,NA,NA,NA,NA,NA,NA,NA,NA,NA,NA,NA,NA,NA,NA,NA,NA,NA,NA,NA,NA,NA,NA,NA,NA,NA,NA,NA,NA,NA,NA,NA,NA,NA,NA,NA,NA,NA,NA,NA,NA,NA,NA,NA,NA,NA,NA,NA,NA,NA,NA,NA,NA,NA,NA,NA,NA,NA,NA,NA,NA,NA,NA,NA,NA,NA,NA,NA,NA,NA,NA
291.735,0.0262804180565675,-0.0148653679759137,0.00768369870688334,NA,NA,NA,NA,NA,NA,NA,NA,NA,NA,NA,NA,NA,NA,NA,NA,NA,NA,NA,NA,NA,NA,NA,NA,NA,NA,NA,NA,NA,NA,NA,NA,NA,NA,NA,NA,NA,NA,NA,NA,NA,NA,NA,NA,NA,NA,NA,NA,NA,NA,NA,NA,NA,NA,NA,NA,NA,NA,NA,NA,NA,NA,NA,NA,NA,NA,NA,NA,NA,NA,NA,NA,NA,NA,NA,NA
293.337,-0.0135964269315387,-0.0144454373252611,-0.00510804639935581,0.0205478946212812,NA,NA,NA,NA,NA,NA,NA,NA,NA,NA,NA,NA,NA,NA,NA,NA,NA,NA,NA,NA,NA,NA,NA,NA,NA,NA,NA,NA,NA,NA,NA,NA,NA,NA,NA,NA,NA,NA,NA,NA,NA,NA,NA,NA,NA,NA,NA,NA,NA,NA,NA,NA,NA,NA,NA,NA,NA,NA,NA,NA,NA,NA,NA,NA,NA,NA,NA,NA,NA,NA,NA,NA,NA,NA,NA
294.941,0.08876464259412,0.0174654327503735,0.0045771763349393,0.0257899807115404,NA,NA,NA,NA,NA,NA,NA,NA,NA,NA,NA,NA,NA,NA,NA,NA,NA,NA,NA,NA,NA,NA,NA,NA,NA,NA,NA,NA,NA,NA,NA,NA,NA,NA,NA,NA,NA,NA,NA,NA,NA,NA,NA,NA,NA,NA,NA,NA,NA,NA,NA,NA,NA,NA,NA,NA,NA,NA,NA,NA,NA,NA,NA,NA,NA,NA,NA,NA,NA,NA,NA,NA,NA,NA,NA
296.545,-0.026411764804208,0.0355164467925,0.0296454198033992,0.00563162584003955,0.0156997562445041,NA,NA,NA,NA,NA,NA,NA,NA,NA,NA,NA,NA,NA,NA,NA,NA,NA,NA,NA,NA,NA,NA,NA,NA,NA,NA,NA,NA,NA,NA,NA,NA,NA,NA,NA,NA,NA,NA,NA,NA,NA,NA,NA,NA,NA,NA,NA,NA,NA,NA,NA,NA,NA,NA,NA,NA,NA,NA,NA,NA,NA,NA,NA,NA,NA,NA,NA,NA,NA,NA,NA,NA,NA,NA
298.149,-0.058028104631843,0.000298626550734729,0.00288549461533477,0.0424147801643046,0.0171669033191923,0.0114396112711245,NA,NA,NA,NA,NA,NA,NA,NA,NA,NA,NA,NA,NA,NA,NA,NA,NA,NA,NA,NA,NA,NA,NA,NA,NA,NA,NA,NA,NA,NA,NA,NA,NA,NA,NA,NA,NA,NA,NA,NA,NA,NA,NA,NA,NA,NA,NA,NA,NA,NA,NA,NA,NA,NA,NA,NA,NA,NA,NA,NA,NA,NA,NA,NA,NA,NA,NA,NA,NA,NA,NA,NA,NA
299.754,-0.0403280305241878,0.00898314555879617,0.00337224091023642,-0.00476684390277844,0.00546539461754558,0.0142079953765699,NA,NA,NA,NA,NA,NA,NA,NA,NA,NA,NA,NA,NA,NA,NA,NA,NA,NA,NA,NA,NA,NA,NA,NA,NA,NA,NA,NA,NA,NA,NA,NA,NA,NA,NA,NA,NA,NA,NA,NA,NA,NA,NA,NA,NA,NA,NA,NA,NA,NA,NA,NA,NA,NA,NA,NA,NA,NA,NA,NA,NA,NA,NA,NA,NA,NA,NA,NA,NA,NA,NA,NA,NA
301.36,0.0412772939132734,-0.0127117685369272,0.0174377909625949,0.0204699872277294,-0.00555920661975129,0.00163049046005583,-0.00519335913446375,NA,NA,NA,NA,NA,NA,NA,NA,NA,NA,NA,NA,NA,NA,NA,NA,NA,NA,NA,NA,NA,NA,NA,NA,NA,NA,NA,NA,NA,NA,NA,NA,NA,NA,NA,NA,NA,NA,NA,NA,NA,NA,NA,NA,NA,NA,NA,NA,NA,NA,NA,NA,NA,NA,NA,NA,NA,NA,NA,NA,NA,NA,NA,NA,NA,NA,NA,NA,NA,NA,NA,NA
302.966,-0.0624055512466447,0.0276702050368397,0.0144499834711879,0.00988558445445647,-0.0184143906468879,-0.0145876712399135,-0.00524619113681537,NA,NA,NA,NA,NA,NA,NA,NA,NA,NA,NA,NA,NA,NA,NA,NA,NA,NA,NA,NA,NA,NA,NA,NA,NA,NA,NA,NA,NA,NA,NA,NA,NA,NA,NA,NA,NA,NA,NA,NA,NA,NA,NA,NA,NA,NA,NA,NA,NA,NA,NA,NA,NA,NA,NA,NA,NA,NA,NA,NA,NA,NA,NA,NA,NA,NA,NA,NA,NA,NA,NA,NA
304.573,0.0257584963313456,0.0177147159468794,0.030782917766771,0.0322663038953402,0.0207328160138107,0.020668429199903,0.0175110017243387,0.0199105850352021,NA,NA,NA,NA,NA,NA,NA,NA,NA,NA,NA,NA,NA,NA,NA,NA,NA,NA,NA,NA,NA,NA,NA,NA,NA,NA,NA,NA,NA,NA,NA,NA,NA,NA,NA,NA,NA,NA,NA,NA,NA,NA,NA,NA,NA,NA,NA,NA,NA,NA,NA,NA,NA,NA,NA,NA,NA,NA,NA,NA,NA,NA,NA,NA,NA,NA,NA,NA,NA,NA,NA
306.181,0.0483660959797176,0.0138688023701789,0.0155260936512041,0.00889893523918241,0.0112819080289394,0.00509701091072478,0.00370450821542499,0.0120182213618076,NA,NA,NA,NA,NA,NA,NA,NA,NA,NA,NA,NA,NA,NA,NA,NA,NA,NA,NA,NA,NA,NA,NA,NA,NA,NA,NA,NA,NA,NA,NA,NA,NA,NA,NA,NA,NA,NA,NA,NA,NA,NA,NA,NA,NA,NA,NA,NA,NA,NA,NA,NA,NA,NA,NA,NA,NA,NA,NA,NA,NA,NA,NA,NA,NA,NA,NA,NA,NA,NA,NA
307.789,-0.0293946609431804,-0.00299206932915538,0.0106621211287086,-0.00279290649442125,-0.0014849429842202,0.0107901666957547,0.0176059561876606,0.0094983471964752,0.0176032461165963,NA,NA,NA,NA,NA,NA,NA,NA,NA,NA,NA,NA,NA,NA,NA,NA,NA,NA,NA,NA,NA,NA,NA,NA,NA,NA,NA,NA,NA,NA,NA,NA,NA,NA,NA,NA,NA,NA,NA,NA,NA,NA,NA,NA,NA,NA,NA,NA,NA,NA,NA,NA,NA,NA,NA,NA,NA,NA,NA,NA,NA,NA,NA,NA,NA,NA,NA,NA,NA,NA
309.398,0.0304980977654384,0.0348966644742365,0.0556707712617131,0.0249575450381551,0.015605610392034,0.0029726681487304,0.0176500311825122,0.0194576708575436,0.00793127820105645,0.00827106406253407,NA,NA,NA,NA,NA,NA,NA,NA,NA,NA,NA,NA,NA,NA,NA,NA,NA,NA,NA,NA,NA,NA,NA,NA,NA,NA,NA,NA,NA,NA,NA,NA,NA,NA,NA,NA,NA,NA,NA,NA,NA,NA,NA,NA,NA,NA,NA,NA,NA,NA,NA,NA,NA,NA,NA,NA,NA,NA,NA,NA,NA,NA,NA,NA,NA,NA,NA,NA,NA
311.007,0.0737081571623813,0.0126126442493112,0.0330522798398466,0.0133952567825595,0.00567862679690812,0.0181696981741249,0.000134271114052979,0.0223160446520139,0.0177716328223122,0.0111337414216517,NA,NA,NA,NA,NA,NA,NA,NA,NA,NA,NA,NA,NA,NA,NA,NA,NA,NA,NA,NA,NA,NA,NA,NA,NA,NA,NA,NA,NA,NA,NA,NA,NA,NA,NA,NA,NA,NA,NA,NA,NA,NA,NA,NA,NA,NA,NA,NA,NA,NA,NA,NA,NA,NA,NA,NA,NA,NA,NA,NA,NA,NA,NA,NA,NA,NA,NA,NA,NA
312.617,-0.0175721807612918,-0.0432182785004191,-0.0379426237174336,-0.0247931856079468,0.0107083637734396,0.000867569668337691,0.00870466193828506,-0.0084452362681089,0.01414426682763,0.0120111785256436,-0.0083018753391578,NA,NA,NA,NA,NA,NA,NA,NA,NA,NA,NA,NA,NA,NA,NA,NA,NA,NA,NA,NA,NA,NA,NA,NA,NA,NA,NA,NA,NA,NA,NA,NA,NA,NA,NA,NA,NA,NA,NA,NA,NA,NA,NA,NA,NA,NA,NA,NA,NA,NA,NA,NA,NA,NA,NA,NA,NA,NA,NA,NA,NA,NA,NA,NA,NA,NA,NA,NA
314.228,-0.0535651037978429,-0.0114863882290011,0.0206222720663674,0.00902417412256152,-0.0059755406600649,0.0126083874879328,0.00936136625085684,0.0204108192705099,0.0146662100023188,0.0124846161164821,0.0150598547448969,NA,NA,NA,NA,NA,NA,NA,NA,NA,NA,NA,NA,NA,NA,NA,NA,NA,NA,NA,NA,NA,NA,NA,NA,NA,NA,NA,NA,NA,NA,NA,NA,NA,NA,NA,NA,NA,NA,NA,NA,NA,NA,NA,NA,NA,NA,NA,NA,NA,NA,NA,NA,NA,NA,NA,NA,NA,NA,NA,NA,NA,NA,NA,NA,NA,NA,NA,NA
315.839,0.030638845488581,-0.00322280024425389,0.0177827716227157,0.00263668793337733,0.0154653921367019,0.0288391430872733,0.0169835799851232,0.0179340279382385,0.0239035699291017,0.0331072665606515,0.0206317694422531,0.0123123128822902,NA,NA,NA,NA,NA,NA,NA,NA,NA,NA,NA,NA,NA,NA,NA,NA,NA,NA,NA,NA,NA,NA,NA,NA,NA,NA,NA,NA,NA,NA,NA,NA,NA,NA,NA,NA,NA,NA,NA,NA,NA,NA,NA,NA,NA,NA,NA,NA,NA,NA,NA,NA,NA,NA,NA,NA,NA,NA,NA,NA,NA,NA,NA,NA,NA,NA,NA
317.451,0.106061394181192,0.0105141610874247,0.0150374961081467,0.0393225027885308,0.0379733660307659,0.0187088217107711,0.0247237009099838,0.0219693478133218,0.0193280442491674,0.0241571173082308,0.0267496734606165,0.0173885869937072,NA,NA,NA,NA,NA,NA,NA,NA,NA,NA,NA,NA,NA,NA,NA,NA,NA,NA,NA,NA,NA,NA,NA,NA,NA,NA,NA,NA,NA,NA,NA,NA,NA,NA,NA,NA,NA,NA,NA,NA,NA,NA,NA,NA,NA,NA,NA,NA,NA,NA,NA,NA,NA,NA,NA,NA,NA,NA,NA,NA,NA,NA,NA,NA,NA,NA,NA
319.063,0.0381013018455463,0.0525428055517166,0.0362869755785697,0.0367077397500733,0.0339709601640788,0.0197689369290407,0.0332528859786246,0.0343026575911896,0.035545363425251,0.0183883558256097,0.0210218732810245,0.0415153498590016,0.012043613918684,NA,NA,NA,NA,NA,NA,NA,NA,NA,NA,NA,NA,NA,NA,NA,NA,NA,NA,NA,NA,NA,NA,NA,NA,NA,NA,NA,NA,NA,NA,NA,NA,NA,NA,NA,NA,NA,NA,NA,NA,NA,NA,NA,NA,NA,NA,NA,NA,NA,NA,NA,NA,NA,NA,NA,NA,NA,NA,NA,NA,NA,NA,NA,NA,NA,NA
320.676,0.0494018546533074,0.0193795322178773,0.0493080108154906,0.0211298942855865,0.0212966535378356,0.019150008977019,0.025152778273687,0.01791015218745,0.0309450920560881,0.0280281080324481,0.0257241018123343,0.0280644022846061,0.020277353718888,NA,NA,NA,NA,NA,NA,NA,NA,NA,NA,NA,NA,NA,NA,NA,NA,NA,NA,NA,NA,NA,NA,NA,NA,NA,NA,NA,NA,NA,NA,NA,NA,NA,NA,NA,NA,NA,NA,NA,NA,NA,NA,NA,NA,NA,NA,NA,NA,NA,NA,NA,NA,NA,NA,NA,NA,NA,NA,NA,NA,NA,NA,NA,NA,NA,NA
322.29,0.0667145920454066,0.0398198348143722,0.0212615527100761,0.0220028116398568,0.0314838412032014,0.00781260146961674,0.0156369183970182,0.0246232214311136,0.0148120323519298,0.022036260677736,0.0152004798390967,0.0202276265478708,0.0268646577865792,0.00722382567417035,NA,NA,NA,NA,NA,NA,NA,NA,NA,NA,NA,NA,NA,NA,NA,NA,NA,NA,NA,NA,NA,NA,NA,NA,NA,NA,NA,NA,NA,NA,NA,NA,NA,NA,NA,NA,NA,NA,NA,NA,NA,NA,NA,NA,NA,NA,NA,NA,NA,NA,NA,NA,NA,NA,NA,NA,NA,NA,NA,NA,NA,NA,NA,NA,NA
323.904,0.0113661418967109,-0.0572725856996967,-0.0234858439828129,-0.00888173936988117,0.0122112939475905,0.0343270323466681,0.00595369109270514,0.00568079712796765,0.0178027902422002,0.0212548005379028,0.0265915856680428,0.0318328671430637,0.0242815096855731,0.015101041698872,-0.00557378299881805,NA,NA,NA,NA,NA,NA,NA,NA,NA,NA,NA,NA,NA,NA,NA,NA,NA,NA,NA,NA,NA,NA,NA,NA,NA,NA,NA,NA,NA,NA,NA,NA,NA,NA,NA,NA,NA,NA,NA,NA,NA,NA,NA,NA,NA,NA,NA,NA,NA,NA,NA,NA,NA,NA,NA,NA,NA,NA,NA,NA,NA,NA,NA,NA
325.519,-0.000117255048969234,0.0131529120445932,0.0195016688981587,0.0161600607043604,0.00393562991393159,0.0168693258323151,0.016884453664569,0.021880357505481,0.0118796274385496,0.0186326475489852,0.0227984958262808,0.0314656772378617,0.0277427379945575,0.0313286532161639,0.00590257055352195,NA,NA,NA,NA,NA,NA,NA,NA,NA,NA,NA,NA,NA,NA,NA,NA,NA,NA,NA,NA,NA,NA,NA,NA,NA,NA,NA,NA,NA,NA,NA,NA,NA,NA,NA,NA,NA,NA,NA,NA,NA,NA,NA,NA,NA,NA,NA,NA,NA,NA,NA,NA,NA,NA,NA,NA,NA,NA,NA,NA,NA,NA,NA,NA
327.134,-0.0532868725152384,-0.0272248684015809,0.00667495717110186,0.00521656781434577,0.00586980132345802,0.0117114543767221,0.0170181138993044,0.0062777522143847,0.0149130670695882,0.0161118654445991,0.0198621314867753,0.0256439965978622,0.0252255066243061,0.0275111365978117,0.0151280761472039,-0.00429182888866375,NA,NA,NA,NA,NA,NA,NA,NA,NA,NA,NA,NA,NA,NA,NA,NA,NA,NA,NA,NA,NA,NA,NA,NA,NA,NA,NA,NA,NA,NA,NA,NA,NA,NA,NA,NA,NA,NA,NA,NA,NA,NA,NA,NA,NA,NA,NA,NA,NA,NA,NA,NA,NA,NA,NA,NA,NA,NA,NA,NA,NA,NA,NA
328.75,-0.0626330711479871,-0.0058442509739534,0.0200280143188716,0.00367017067247322,0.0150177119324049,0.0192582566122068,0.0105104632248232,0.0102013255515079,0.026343061818859,0.0313948826513397,0.0225823578463646,0.0270465993760401,0.0317309420805107,0.0354191699539985,0.0238253396631031,0.00182603681451061,NA,NA,NA,NA,NA,NA,NA,NA,NA,NA,NA,NA,NA,NA,NA,NA,NA,NA,NA,NA,NA,NA,NA,NA,NA,NA,NA,NA,NA,NA,NA,NA,NA,NA,NA,NA,NA,NA,NA,NA,NA,NA,NA,NA,NA,NA,NA,NA,NA,NA,NA,NA,NA,NA,NA,NA,NA,NA,NA,NA,NA,NA,NA
330.366,0.0495449037956924,0.0611959801610047,0.0319697051177811,0.0490549173165143,0.0252252785075036,0.0431127314965436,0.0281871851003671,0.0362242932684188,0.0299100619396034,0.037602485775955,0.0264584128850366,0.0314563420457305,0.0329929787442506,0.025289122255164,0.0257327855349806,0.0219399084340388,0.00360735615668646,NA,NA,NA,NA,NA,NA,NA,NA,NA,NA,NA,NA,NA,NA,NA,NA,NA,NA,NA,NA,NA,NA,NA,NA,NA,NA,NA,NA,NA,NA,NA,NA,NA,NA,NA,NA,NA,NA,NA,NA,NA,NA,NA,NA,NA,NA,NA,NA,NA,NA,NA,NA,NA,NA,NA,NA,NA,NA,NA,NA,NA,NA
331.983,0.0280332819888746,0.0251607945542304,0.0105759934885866,-0.0101384504978495,0.0178131728006877,0.0347209974781353,0.0249637881203108,0.0205029999180093,0.029992342340039,0.0219723990196206,0.0349807503865925,0.0359111260355484,0.0275102726171897,0.0314317788565081,0.0234364411417973,0.0210636050190468,0.00357703817441749,NA,NA,NA,NA,NA,NA,NA,NA,NA,NA,NA,NA,NA,NA,NA,NA,NA,NA,NA,NA,NA,NA,NA,NA,NA,NA,NA,NA,NA,NA,NA,NA,NA,NA,NA,NA,NA,NA,NA,NA,NA,NA,NA,NA,NA,NA,NA,NA,NA,NA,NA,NA,NA,NA,NA,NA,NA,NA,NA,NA,NA,NA
333.601,-0.0233860039788497,0.0237795828913002,-0.0125036189973996,0.0281078080350333,0.0190378419297103,0.0187546682745606,0.0230554462497796,0.0279043971905886,0.0215386124591886,0.028553567414251,0.0246791388357576,0.0252559554654754,0.028735797756159,0.0327786356287349,0.0329630453136572,0.0256255251064549,0.0170382073043908,0.0128671851736937,NA,NA,NA,NA,NA,NA,NA,NA,NA,NA,NA,NA,NA,NA,NA,NA,NA,NA,NA,NA,NA,NA,NA,NA,NA,NA,NA,NA,NA,NA,NA,NA,NA,NA,NA,NA,NA,NA,NA,NA,NA,NA,NA,NA,NA,NA,NA,NA,NA,NA,NA,NA,NA,NA,NA,NA,NA,NA,NA,NA,NA
335.219,0.0832176469490732,0.0376626218120023,0.0486590063210218,0.0259242410301348,0.0115280903672709,0.0349282671139424,0.0362017905557091,0.0301855493533701,0.0395940973020424,0.0272688513467884,0.0223846675401267,0.0369982183408478,0.0328794861491776,0.0362519657891038,0.0308653137132801,0.0324347909366188,0.022363636167306,0.0128669877792267,0.0106544738454549,NA,NA,NA,NA,NA,NA,NA,NA,NA,NA,NA,NA,NA,NA,NA,NA,NA,NA,NA,NA,NA,NA,NA,NA,NA,NA,NA,NA,NA,NA,NA,NA,NA,NA,NA,NA,NA,NA,NA,NA,NA,NA,NA,NA,NA,NA,NA,NA,NA,NA,NA,NA,NA,NA,NA,NA,NA,NA,NA,NA
336.838,0.0233099924036536,0.0512166141099033,0.0827593562695046,0.0376648285941177,0.0349852119217865,0.0427662826644086,0.0296558288870433,0.0484443529428203,0.0296182403822636,0.0374294590759905,0.0397248285930544,0.0323709012629158,0.0356025182450955,0.0368264416205839,0.0325811164132483,0.0322496808085861,0.0260677035396475,0.0153870991901079,0.0147955639381742,NA,NA,NA,NA,NA,NA,NA,NA,NA,NA,NA,NA,NA,NA,NA,NA,NA,NA,NA,NA,NA,NA,NA,NA,NA,NA,NA,NA,NA,NA,NA,NA,NA,NA,NA,NA,NA,NA,NA,NA,NA,NA,NA,NA,NA,NA,NA,NA,NA,NA,NA,NA,NA,NA,NA,NA,NA,NA,NA,NA
338.457,-0.0032466982653823,-0.0312332286394675,-0.0106541210382629,0.0142319960682868,0.0415315834279113,0.0280293569641844,0.025112629476461,0.0285263854199449,0.0351339965351163,0.0475548117746963,0.04165455781936,0.0316775555021631,0.0341354087997878,0.0347343949579895,0.0378616189426735,0.0305156656896353,0.0314126397817047,0.0177108972463229,0.0126690666995887,0.0148582760380159,NA,NA,NA,NA,NA,NA,NA,NA,NA,NA,NA,NA,NA,NA,NA,NA,NA,NA,NA,NA,NA,NA,NA,NA,NA,NA,NA,NA,NA,NA,NA,NA,NA,NA,NA,NA,NA,NA,NA,NA,NA,NA,NA,NA,NA,NA,NA,NA,NA,NA,NA,NA,NA,NA,NA,NA,NA,NA,NA
340.077,0.00155458663516281,0.0849112852374702,0.0339919848042588,0.0110413685824443,0.0397199603386327,0.0475604723105812,0.0264787879196223,0.0286213482720665,0.0291871840420541,0.0313500224168378,0.0298152945974475,0.0324509462321157,0.0291719830819279,0.0395805539825896,0.03721424039249,0.0373887304648233,0.0320928507187059,0.0265048982401199,0.0150281209212114,0.0137235882760901,NA,NA,NA,NA,NA,NA,NA,NA,NA,NA,NA,NA,NA,NA,NA,NA,NA,NA,NA,NA,NA,NA,NA,NA,NA,NA,NA,NA,NA,NA,NA,NA,NA,NA,NA,NA,NA,NA,NA,NA,NA,NA,NA,NA,NA,NA,NA,NA,NA,NA,NA,NA,NA,NA,NA,NA,NA,NA,NA
341.697,0.0285136906005142,0.0740651047402157,0.0366889818911846,0.0436344921598191,0.0397526084793598,0.0381507726265698,0.0291345745478552,0.0378432830333996,0.0342724357617791,0.0437855884283605,0.0387366154359523,0.0405961848228423,0.0378448691664697,0.0449750806566303,0.0394688928420405,0.0412227613551978,0.0317577670502666,0.0304695638730542,0.0183218286257237,0.01808813615187,0.0244266330858289,NA,NA,NA,NA,NA,NA,NA,NA,NA,NA,NA,NA,NA,NA,NA,NA,NA,NA,NA,NA,NA,NA,NA,NA,NA,NA,NA,NA,NA,NA,NA,NA,NA,NA,NA,NA,NA,NA,NA,NA,NA,NA,NA,NA,NA,NA,NA,NA,NA,NA,NA,NA,NA,NA,NA,NA,NA,NA
343.318,0.0442631558589111,0.0960611462513552,0.0571076950005792,0.0438054093678924,0.054882909565179,0.0429752832472725,0.0444671215495159,0.0361395729167054,0.0323445665772905,0.0469378260673195,0.0419022342588567,0.0413362514494571,0.0364175494199617,0.0402442384701442,0.0447990355025475,0.0381749547999789,0.0418971506027704,0.039096156295256,0.0327555860345797,0.0195982213656377,0.0249917049386388,NA,NA,NA,NA,NA,NA,NA,NA,NA,NA,NA,NA,NA,NA,NA,NA,NA,NA,NA,NA,NA,NA,NA,NA,NA,NA,NA,NA,NA,NA,NA,NA,NA,NA,NA,NA,NA,NA,NA,NA,NA,NA,NA,NA,NA,NA,NA,NA,NA,NA,NA,NA,NA,NA,NA,NA,NA,NA
344.94,-0.00182791134650774,0.0458029046987075,0.0496714991109938,0.0251520692089524,0.0419099117500307,0.0376032621812022,0.0445237850881791,0.0528536673596897,0.0399445052281143,0.0381681020582492,0.0307226199282537,0.0370210706590343,0.0421139159901723,0.0413870086343075,0.0333235991559859,0.0437616617900819,0.0361864897309375,0.0395570443491078,0.0330265604710651,0.0171875204569539,0.0113938950170689,0.0261224361041699,NA,NA,NA,NA,NA,NA,NA,NA,NA,NA,NA,NA,NA,NA,NA,NA,NA,NA,NA,NA,NA,NA,NA,NA,NA,NA,NA,NA,NA,NA,NA,NA,NA,NA,NA,NA,NA,NA,NA,NA,NA,NA,NA,NA,NA,NA,NA,NA,NA,NA,NA,NA,NA,NA,NA,NA,NA
346.562,0.0953288903188493,0.0649057577409787,0.0232565132215408,0.0345020696598976,0.0505372948371867,0.0549736644767877,0.0360423306346584,0.0306360201050412,0.0371385233909329,0.0410613627354962,0.0484592363630681,0.044347240719825,0.046586388775912,0.0437657558793938,0.0436966669830187,0.0435842622204065,0.0405670525827138,0.0360582735131995,0.0368175659915138,0.0259633387271904,0.0157180113733806,0.0264574007625224,0.0282890225973917,NA,NA,NA,NA,NA,NA,NA,NA,NA,NA,NA,NA,NA,NA,NA,NA,NA,NA,NA,NA,NA,NA,NA,NA,NA,NA,NA,NA,NA,NA,NA,NA,NA,NA,NA,NA,NA,NA,NA,NA,NA,NA,NA,NA,NA,NA,NA,NA,NA,NA,NA,NA,NA,NA,NA,NA
348.185,0.064734507076357,0.0454005222025059,0.0682626496517468,0.0404185322368558,0.0534583334116537,0.0489120128757388,0.0510025783141703,0.055164090953584,0.0470309050629388,0.0471140861131686,0.0459607500931382,0.0535064441600848,0.0495337220647788,0.051275634696058,0.0470953061943942,0.0440401967782118,0.046850193577945,0.0372440253052202,0.0370230963072297,0.0336471972516757,0.028557743555558,0.020342569771679,0.0304661483933435,NA,NA,NA,NA,NA,NA,NA,NA,NA,NA,NA,NA,NA,NA,NA,NA,NA,NA,NA,NA,NA,NA,NA,NA,NA,NA,NA,NA,NA,NA,NA,NA,NA,NA,NA,NA,NA,NA,NA,NA,NA,NA,NA,NA,NA,NA,NA,NA,NA,NA,NA,NA,NA,NA,NA,NA
349.808,0.00689788745466247,0.0370227583627438,0.0469151242287795,0.0527568670437297,0.027187310783793,0.0429106589902484,0.0351299593505821,0.0438224862503738,0.0390693876389916,0.0460060359106104,0.0406948446706784,0.0341764443837318,0.0401264786119973,0.044526615325132,0.037804449861904,0.0382178039201845,0.0395422845776386,0.0444206089483729,0.0389380171098791,0.0347748333082109,0.0258409687406946,0.0143974320751162,0.0222968831826204,0.0315706199260874,NA,NA,NA,NA,NA,NA,NA,NA,NA,NA,NA,NA,NA,NA,NA,NA,NA,NA,NA,NA,NA,NA,NA,NA,NA,NA,NA,NA,NA,NA,NA,NA,NA,NA,NA,NA,NA,NA,NA,NA,NA,NA,NA,NA,NA,NA,NA,NA,NA,NA,NA,NA,NA,NA,NA
351.432,0.106187949310624,0.10034837915945,0.0790791503056076,0.0619255535894903,0.0802718073541139,0.0519816629198384,0.0610549343805325,0.059256022152952,0.0449398229751059,0.0475913446814839,0.0460774696629028,0.0530246277266691,0.0524866221981727,0.0474432730075668,0.0559326391683599,0.0510277484300756,0.0460435755264696,0.0394080144849043,0.0425297686263573,0.0378654416250145,0.0424325483406365,0.0288889865893078,0.0229593471165744,0.0366597304548947,NA,NA,NA,NA,NA,NA,NA,NA,NA,NA,NA,NA,NA,NA,NA,NA,NA,NA,NA,NA,NA,NA,NA,NA,NA,NA,NA,NA,NA,NA,NA,NA,NA,NA,NA,NA,NA,NA,NA,NA,NA,NA,NA,NA,NA,NA,NA,NA,NA,NA,NA,NA,NA,NA,NA
353.056,0.0443606289107541,0.0302163251160606,0.0560173936532357,0.0644904699456918,0.0356044388701027,0.0363370956857931,0.0451388220525368,0.0455625357482567,0.0509886060842823,0.0438360788096046,0.0507825086371485,0.0450382903880212,0.0510257566858492,0.050814527635135,0.0387553827289265,0.0427634400255511,0.0446757741280008,0.0475502481041803,0.0434141897177283,0.0429392984421386,0.0320089682397801,0.0320577628831531,0.0217629671763992,0.0324990634350501,0.0391102313652616,NA,NA,NA,NA,NA,NA,NA,NA,NA,NA,NA,NA,NA,NA,NA,NA,NA,NA,NA,NA,NA,NA,NA,NA,NA,NA,NA,NA,NA,NA,NA,NA,NA,NA,NA,NA,NA,NA,NA,NA,NA,NA,NA,NA,NA,NA,NA,NA,NA,NA,NA,NA,NA,NA
354.681,0.0426478532687351,0.0286113564844587,0.0604678849673104,0.0583239278150062,0.0499066558741586,0.0459901592895514,0.0445238227144121,0.0468399092358016,0.039150858643422,0.0457869262728221,0.0409162032024942,0.0462240741284798,0.0407286230778793,0.044079581624105,0.0478116390803658,0.0513293652814699,0.0475966723958291,0.0464956633960441,0.0435640619262533,0.0384686158383577,0.0415157909822212,0.0328194687806551,0.0237926510193953,0.023092212373347,0.0438643778813388,NA,NA,NA,NA,NA,NA,NA,NA,NA,NA,NA,NA,NA,NA,NA,NA,NA,NA,NA,NA,NA,NA,NA,NA,NA,NA,NA,NA,NA,NA,NA,NA,NA,NA,NA,NA,NA,NA,NA,NA,NA,NA,NA,NA,NA,NA,NA,NA,NA,NA,NA,NA,NA,NA
356.306,0.146252136489555,0.0843553779212053,0.0960396260883106,0.0725104715757304,0.0592539959046362,0.0325898289419995,0.0710037157852405,0.0513168774641489,0.0666781859752384,0.051617660890168,0.0516589853365254,0.0500315401915852,0.0545770278222817,0.0529510242755772,0.0506235989254705,0.0544047109877391,0.050685570719226,0.0480065681863307,0.048683965101539,0.045972377083771,0.045928003550412,0.0417363608850651,0.0342936975633137,0.0294552114309151,0.040592383529951,0.0389616253586234,NA,NA,NA,NA,NA,NA,NA,NA,NA,NA,NA,NA,NA,NA,NA,NA,NA,NA,NA,NA,NA,NA,NA,NA,NA,NA,NA,NA,NA,NA,NA,NA,NA,NA,NA,NA,NA,NA,NA,NA,NA,NA,NA,NA,NA,NA,NA,NA,NA,NA,NA,NA,NA
357.932,0.107649291457975,0.0980068993535676,0.0596621623796651,0.0714993265901364,0.0946484520240848,0.0715658976679574,0.0560062370162653,0.0544779002773659,0.0589651284511006,0.0540447256849837,0.0497942954158685,0.0480667466675683,0.0537964830284471,0.0525370324124987,0.0567983182260036,0.0545514219656552,0.0562053224919674,0.0544567704040017,0.0495943047038144,0.0504019358081632,0.0507878626069062,0.0457643434229391,0.037812073531072,0.0317594236455446,0.0298077492301272,0.0388139645655372,0.0402633071652802,NA,NA,NA,NA,NA,NA,NA,NA,NA,NA,NA,NA,NA,NA,NA,NA,NA,NA,NA,NA,NA,NA,NA,NA,NA,NA,NA,NA,NA,NA,NA,NA,NA,NA,NA,NA,NA,NA,NA,NA,NA,NA,NA,NA,NA,NA,NA,NA,NA,NA,NA,NA
359.558,0.0422865720453785,0.0623143144628953,0.0835910605510566,0.0714993430510955,0.0379260665870752,0.0580099480126963,0.0644740989747687,0.0569981072194026,0.0580771647369302,0.0542158386815422,0.0600550659517251,0.0542119069764015,0.0536565908076335,0.0577138987256441,0.051917427474875,0.051954961467084,0.0509821107657595,0.0519708026991228,0.0540518240796884,0.0543222836077021,0.0478473994210575,0.0423708528601725,0.0397440708003116,0.0330707965574845,0.0306682947699176,0.0396661144582613,0.0421471406322051,NA,NA,NA,NA,NA,NA,NA,NA,NA,NA,NA,NA,NA,NA,NA,NA,NA,NA,NA,NA,NA,NA,NA,NA,NA,NA,NA,NA,NA,NA,NA,NA,NA,NA,NA,NA,NA,NA,NA,NA,NA,NA,NA,NA,NA,NA,NA,NA,NA,NA,NA,NA
361.185,0.160194762262352,0.0921365994655118,0.0921571618154465,0.104910972032324,0.0903114327827705,0.0925235719906693,0.0750929063981194,0.0662023209468223,0.0614152585455477,0.0738683792374557,0.0642793507810616,0.048697187297526,0.0672414839514774,0.0662375426572354,0.0644374753247368,0.0608873001672311,0.0612970080496291,0.0596978131665917,0.0584993286299552,0.0542635720905558,0.054367991523471,0.0527952099163252,0.0485768463642439,0.0450609485830285,0.0359942148191979,0.0360827834904938,0.0391187123354047,0.0427872675910238,NA,NA,NA,NA,NA,NA,NA,NA,NA,NA,NA,NA,NA,NA,NA,NA,NA,NA,NA,NA,NA,NA,NA,NA,NA,NA,NA,NA,NA,NA,NA,NA,NA,NA,NA,NA,NA,NA,NA,NA,NA,NA,NA,NA,NA,NA,NA,NA,NA,NA,NA
362.813,-0.00702335782966619,0.113797409761602,0.0218271137072216,0.0608857348281821,0.065818942720733,0.0477796105245573,0.0578923680463282,0.0573303400406124,0.047823859628775,0.0540511993487385,0.0559042659389007,0.0531096560013181,0.0523795340304469,0.0602698673109697,0.0547445596898343,0.0554905574667303,0.0532128123029656,0.0543078424579639,0.0525706992493969,0.0512017722303694,0.0554351833793664,0.0483034910062693,0.0478389208895448,0.0411684687611727,0.036742471822698,0.0422997158124124,0.0405521131655996,0.0418324351849476,NA,NA,NA,NA,NA,NA,NA,NA,NA,NA,NA,NA,NA,NA,NA,NA,NA,NA,NA,NA,NA,NA,NA,NA,NA,NA,NA,NA,NA,NA,NA,NA,NA,NA,NA,NA,NA,NA,NA,NA,NA,NA,NA,NA,NA,NA,NA,NA,NA,NA,NA
364.441,0.0959748433829623,0.0946430060273162,0.0878923715048193,0.0697296503923968,0.0788145457055855,0.0869707685996248,0.0683487764829727,0.06936772954219,0.0637116115098265,0.0587140185275695,0.0571626220083536,0.0509757514632624,0.059918065587437,0.0628018542614362,0.0595598678909881,0.0587399068781829,0.0577793012121964,0.0571919963201987,0.0606226474949898,0.0594953660665474,0.0590983968931245,0.0529427372216854,0.0564096868053249,0.0487236638896972,0.0436794359397924,0.0390179863441911,0.0480281048866683,0.0447100727791133,0.0431202364632131,NA,NA,NA,NA,NA,NA,NA,NA,NA,NA,NA,NA,NA,NA,NA,NA,NA,NA,NA,NA,NA,NA,NA,NA,NA,NA,NA,NA,NA,NA,NA,NA,NA,NA,NA,NA,NA,NA,NA,NA,NA,NA,NA,NA,NA,NA,NA,NA,NA,NA
366.07,0.0522463736518285,0.039589691214533,0.0492723700962327,0.0462433620749795,0.0807598455624641,0.0599982371254518,0.057163728954698,0.0476637455411807,0.0530826003094882,0.0391373460320419,0.0554635456104442,0.0534311113027303,0.0551856365025462,0.0591046311469814,0.0536983306619797,0.0545129549437017,0.0559912409991555,0.0538523232002989,0.0572362673579822,0.0543504547984753,0.0584841960362018,0.0545073741878617,0.0544356229887351,0.0461296298682416,0.0427297408871528,0.0417890875620368,0.035293706226601,0.0425701340779633,0.0416080584165281,NA,NA,NA,NA,NA,NA,NA,NA,NA,NA,NA,NA,NA,NA,NA,NA,NA,NA,NA,NA,NA,NA,NA,NA,NA,NA,NA,NA,NA,NA,NA,NA,NA,NA,NA,NA,NA,NA,NA,NA,NA,NA,NA,NA,NA,NA,NA,NA,NA,NA
367.699,0.0504018121390471,0.135584708139572,0.0663718048767221,0.0900187950562696,0.0754111073167761,0.0873876251848288,0.0687239812918654,0.0768382598128444,0.0760649275076775,0.0718546033922459,0.0686080909072201,0.0638047919260343,0.0589910251894298,0.0669355281060069,0.0668251407779954,0.0672257543462114,0.0657040927174018,0.0648925668875524,0.0636420156815407,0.0623980221352774,0.0608089516541457,0.0572986570342585,0.0590793732040278,0.0542827497594883,0.0512009798078494,0.0409066333675398,0.0406857651038751,0.0433899298241193,0.0479835050658179,0.0446454870816415,NA,NA,NA,NA,NA,NA,NA,NA,NA,NA,NA,NA,NA,NA,NA,NA,NA,NA,NA,NA,NA,NA,NA,NA,NA,NA,NA,NA,NA,NA,NA,NA,NA,NA,NA,NA,NA,NA,NA,NA,NA,NA,NA,NA,NA,NA,NA,NA,NA
369.328,0.125367492048575,0.101002388215955,0.11093040174318,0.134006163784869,0.0802720808328878,0.0758384284178013,0.0858280258346131,0.0808896339445243,0.0701289549969082,0.0749401064056285,0.0757537245421867,0.0700269215949261,0.0669461458958406,0.063183558741249,0.0737141538670828,0.072372230439563,0.066209170901247,0.0676111628458919,0.0672056972475135,0.0669310906663484,0.069045508373916,0.0683474609893557,0.0622309696277093,0.0595999433141846,0.0553960637146368,0.0466018494772935,0.0461480631220063,0.0466314440403959,0.053138641083368,0.0511524197902597,0.0409423566465967,NA,NA,NA,NA,NA,NA,NA,NA,NA,NA,NA,NA,NA,NA,NA,NA,NA,NA,NA,NA,NA,NA,NA,NA,NA,NA,NA,NA,NA,NA,NA,NA,NA,NA,NA,NA,NA,NA,NA,NA,NA,NA,NA,NA,NA,NA,NA,NA
370.959,0.0513136473902433,0.0542886245841292,0.088550757304464,0.0533273245492459,0.0966877303130985,0.0690572265569486,0.0765163466260848,0.0757518403933544,0.0787146081790984,0.0690907478773897,0.0689676761935328,0.0605853995259559,0.068808916602877,0.0706461077601561,0.0636279278964172,0.0631104656446349,0.0659108747714826,0.0662902747407307,0.0645673606477622,0.0647652342301712,0.0670997404732999,0.0632579943033113,0.0659137063174169,0.0559475184467089,0.0569567542640919,0.0529066492141248,0.0457031272003286,0.0492136911987062,0.0444679869279606,0.0515038944254088,0.0445751117312016,NA,NA,NA,NA,NA,NA,NA,NA,NA,NA,NA,NA,NA,NA,NA,NA,NA,NA,NA,NA,NA,NA,NA,NA,NA,NA,NA,NA,NA,NA,NA,NA,NA,NA,NA,NA,NA,NA,NA,NA,NA,NA,NA,NA,NA,NA,NA,NA
372.589,0.0619038793502769,0.0964954855304683,0.0743094798760308,0.11041427252949,0.103401830384618,0.0877230548877967,0.0876295834141165,0.0739962006576091,0.0766632981751103,0.0843157452569215,0.0766582558705395,0.06235676346167,0.0670105592385475,0.0695673155891756,0.0704222427526412,0.0755263710081378,0.0693793898622793,0.0714057171660357,0.0778014243836391,0.0683199623301891,0.0682098856011403,0.0692906785930981,0.0666217080115822,0.064087662181196,0.0624108819809309,0.0599061042281069,0.054251280514413,0.05261976477603,0.0486647602068304,0.0537413179915603,0.0526753076362483,0.0423401626836325,NA,NA,NA,NA,NA,NA,NA,NA,NA,NA,NA,NA,NA,NA,NA,NA,NA,NA,NA,NA,NA,NA,NA,NA,NA,NA,NA,NA,NA,NA,NA,NA,NA,NA,NA,NA,NA,NA,NA,NA,NA,NA,NA,NA,NA,NA,NA
374.221,0.0594239841802502,0.10290138123753,0.128145086439682,0.10420827314519,0.0837087313915286,0.0819373081226557,0.0860292776628791,0.094072699186776,0.0733938119648404,0.0731262068586362,0.0793462072735136,0.0657669690145418,0.0718355287006676,0.0793941395087314,0.0732973069010758,0.0731010967840371,0.071183126844799,0.0753375582604746,0.0766896158228606,0.0771318005641129,0.0731451885709608,0.0762144940258472,0.0685601159905468,0.0649695208233308,0.0668983513876452,0.0670763944443671,0.0599376206403053,0.05069623438748,0.0477608402531939,0.0516534098611653,0.0528568600940444,0.0459198089319128,NA,NA,NA,NA,NA,NA,NA,NA,NA,NA,NA,NA,NA,NA,NA,NA,NA,NA,NA,NA,NA,NA,NA,NA,NA,NA,NA,NA,NA,NA,NA,NA,NA,NA,NA,NA,NA,NA,NA,NA,NA,NA,NA,NA,NA,NA,NA
375.852,0.248193264949862,0.126043748492569,0.140035777046766,0.136361316673261,0.116712672187457,0.100915290184099,0.104783245445911,0.0989089281187542,0.0824101476791901,0.0900444369819032,0.0879863123364324,0.0737041682084317,0.0768320979301574,0.0798901922658702,0.0798945447918985,0.0790994037527325,0.081426178566495,0.0759192994092922,0.0764263895880609,0.0775782268518162,0.0787841327365858,0.075380536254202,0.077692010403233,0.0759319563295004,0.0705471207021849,0.066971011729804,0.067825255219634,0.0590706041033756,0.0474402972073665,0.055882434454471,0.0602220798772047,0.0555790180948092,0.0438243210841032,NA,NA,NA,NA,NA,NA,NA,NA,NA,NA,NA,NA,NA,NA,NA,NA,NA,NA,NA,NA,NA,NA,NA,NA,NA,NA,NA,NA,NA,NA,NA,NA,NA,NA,NA,NA,NA,NA,NA,NA,NA,NA,NA,NA,NA,NA
377.485,0.0796776690369328,0.11121469367294,0.153704894215747,0.112841271698456,0.117390307263322,0.0898966284062298,0.102640827246485,0.0812679443404373,0.0869455175586857,0.0830587104446571,0.0723524181040378,0.0879804994796563,0.0783927583173772,0.0798457336930346,0.076346509584885,0.0827792130185805,0.081234457599601,0.0857136172446141,0.0796546025860156,0.0830322564098905,0.0858234765797027,0.0808700603682041,0.0809887246364469,0.0785005847791212,0.0748525684117943,0.0718915642360009,0.0653876741995825,0.0630646788069956,0.0580960458801567,0.0576060836089165,0.0608297571409118,0.0567250879948796,0.054232803436691,NA,NA,NA,NA,NA,NA,NA,NA,NA,NA,NA,NA,NA,NA,NA,NA,NA,NA,NA,NA,NA,NA,NA,NA,NA,NA,NA,NA,NA,NA,NA,NA,NA,NA,NA,NA,NA,NA,NA,NA,NA,NA,NA,NA,NA,NA
379.117,0.154176289074101,0.126265305180618,0.131401871579662,0.123988436079882,0.0980943291747292,0.101018659677835,0.0885086679726372,0.080581426653652,0.0850839313091171,0.0760042364210124,0.092197316851686,0.0811851464152156,0.0786843172290916,0.0823338100346844,0.0828941567491573,0.083691316570247,0.0830679991540499,0.0843675653795579,0.0800821047946328,0.084579500549725,0.0860325892647964,0.0797490135215696,0.0860334155660145,0.0831212441264797,0.0716052677115067,0.0709065381800012,0.069621627030938,0.066004516676047,0.0572378751967026,0.0566254104803675,0.0608316122884206,0.057980939649648,0.0509994514594033,0.0457245886133312,NA,NA,NA,NA,NA,NA,NA,NA,NA,NA,NA,NA,NA,NA,NA,NA,NA,NA,NA,NA,NA,NA,NA,NA,NA,NA,NA,NA,NA,NA,NA,NA,NA,NA,NA,NA,NA,NA,NA,NA,NA,NA,NA,NA,NA
380.751,0.0893836990988834,0.140763455232487,0.124820471941828,0.139049235472695,0.106226536943363,0.11620349787001,0.0953345495307863,0.0916388514673021,0.0892240665706739,0.102148905504993,0.0852046450833606,0.092606463907991,0.086027589496582,0.0880533665527287,0.0899330350130952,0.0852726812032149,0.0857570841163377,0.0905942572251889,0.0891918417370521,0.0927633436910725,0.0880420647170363,0.0871484160841504,0.0870915580922549,0.0810868650476645,0.080237429679859,0.077998782917218,0.0759624282750216,0.0697281310297913,0.0696084036872589,0.0599554166430493,0.0615753593753647,0.063812384146628,0.0619549924585112,0.0496730192685875,0.041746328783019,NA,NA,NA,NA,NA,NA,NA,NA,NA,NA,NA,NA,NA,NA,NA,NA,NA,NA,NA,NA,NA,NA,NA,NA,NA,NA,NA,NA,NA,NA,NA,NA,NA,NA,NA,NA,NA,NA,NA,NA,NA,NA,NA,NA
382.384,0.137750237695914,0.119293304029125,0.111081509614568,0.100131851530169,0.121259865943485,0.107735211473968,0.0875794861334791,0.109547151352327,0.0782842482845225,0.0890638861237512,0.0826488979181364,0.0857049757895087,0.0820089756722969,0.0855576805215005,0.082170034946737,0.0885191645475928,0.088402667645178,0.0907716704733741,0.0858225255632106,0.0882871050302675,0.0922152943810794,0.0898723649984833,0.0867591488959427,0.0861159739883064,0.0903603806600454,0.0780026809151085,0.0780085841812521,0.0765665114716383,0.070841429215242,0.0630411589472088,0.0582919263564672,0.0639665013991546,0.0566849661507002,0.0530252320596482,0.0478430985209333,NA,NA,NA,NA,NA,NA,NA,NA,NA,NA,NA,NA,NA,NA,NA,NA,NA,NA,NA,NA,NA,NA,NA,NA,NA,NA,NA,NA,NA,NA,NA,NA,NA,NA,NA,NA,NA,NA,NA,NA,NA,NA,NA,NA
384.019,0.213474832622083,0.168206243614641,0.131139103676165,0.169749277094853,0.128278222654974,0.120154979900549,0.0994468059965761,0.11828657465133,0.104596911644797,0.0957261294504568,0.102184665110845,0.0898909549851594,0.0944242631006412,0.091235481539189,0.0967323515839471,0.0982036215014994,0.0904589994480533,0.0957091922718477,0.0982710909041367,0.0946630936062546,0.0957640330756336,0.0961650674909933,0.091776694516545,0.0927810636484787,0.0895918772632209,0.0842861609062516,0.0872814764158862,0.0795141188301668,0.0804786844162824,0.0742071161620534,0.0639408957574629,0.0601795697343407,0.0660722430962677,0.0602444856781548,0.0500573000188373,0.0467065006241388,NA,NA,NA,NA,NA,NA,NA,NA,NA,NA,NA,NA,NA,NA,NA,NA,NA,NA,NA,NA,NA,NA,NA,NA,NA,NA,NA,NA,NA,NA,NA,NA,NA,NA,NA,NA,NA,NA,NA,NA,NA,NA,NA
385.654,0.170243851045714,0.169525915107996,0.158634419576961,0.187942163719826,0.159374271153191,0.132211892424442,0.131704867731658,0.129150904349096,0.115641942701717,0.114914363554164,0.103663837178359,0.105746615012094,0.102749414118898,0.0980764679748612,0.102348855608329,0.104362174961142,0.100073851145203,0.0965079848876564,0.102630945488689,0.100427720838433,0.103385984120283,0.098250825242314,0.100318618333862,0.0950896294770294,0.0944814379689911,0.0898959573799853,0.0881786602292963,0.0845017550991644,0.0856507877945055,0.0778984992593352,0.0728772343864964,0.0690114211277611,0.0659514956572848,0.0661216185514843,0.0577864087506912,0.0505137971746777,NA,NA,NA,NA,NA,NA,NA,NA,NA,NA,NA,NA,NA,NA,NA,NA,NA,NA,NA,NA,NA,NA,NA,NA,NA,NA,NA,NA,NA,NA,NA,NA,NA,NA,NA,NA,NA,NA,NA,NA,NA,NA,NA
387.289,0.140300117984834,0.145477774436122,0.157139092212577,0.130537868535789,0.137020471115684,0.137766411427031,0.132442212163349,0.108997372618,0.105710385499861,0.103488397169765,0.100378778455432,0.0988134643294886,0.0930741260776539,0.0950692523184128,0.0987878887726361,0.0986346897905633,0.0974869341219884,0.100296588480106,0.101978557968521,0.097527244044083,0.101680826137529,0.101550714872443,0.0988395020183501,0.0946129255295787,0.095523935395953,0.0909224541869288,0.0878715952305599,0.0828518074297282,0.0828554612015112,0.0747417335546666,0.0722370373750949,0.0649946479280077,0.0662382881583681,0.0640905049482377,0.0558509920247456,0.0483395607809911,0.0444188686791174,NA,NA,NA,NA,NA,NA,NA,NA,NA,NA,NA,NA,NA,NA,NA,NA,NA,NA,NA,NA,NA,NA,NA,NA,NA,NA,NA,NA,NA,NA,NA,NA,NA,NA,NA,NA,NA,NA,NA,NA,NA,NA
388.925,0.180913696931599,0.121641748510081,0.138847532092505,0.158121876380933,0.16925921859341,0.126959125522235,0.131778160335792,0.114069168907361,0.112919467670384,0.109243845349093,0.108262925432794,0.0981016429428347,0.100610370081657,0.100108047770025,0.103159764584122,0.101689639461242,0.101853870666798,0.101706337258604,0.105915489497042,0.111932949078942,0.105421677929686,0.105329945591382,0.104275026342984,0.100115467479205,0.100690342442317,0.0947436145246403,0.0930488741281206,0.0915683308296029,0.0845230591150676,0.0885453060927343,0.0780457235125689,0.0693375318902291,0.066587101834048,0.0701421750058988,0.0640187836433568,0.0550202497957637,0.0486549284666305,NA,NA,NA,NA,NA,NA,NA,NA,NA,NA,NA,NA,NA,NA,NA,NA,NA,NA,NA,NA,NA,NA,NA,NA,NA,NA,NA,NA,NA,NA,NA,NA,NA,NA,NA,NA,NA,NA,NA,NA,NA,NA
390.561,0.186537781988186,0.188763249146039,0.172383852096419,0.160771694800646,0.160441160781494,0.137243652462354,0.106674862712248,0.114916513754776,0.110158347542233,0.105422590066965,0.112345260637141,0.107017240649772,0.100391385180721,0.10424988676604,0.0992425935145235,0.103172397423777,0.107786551707987,0.102826502228578,0.107183298816618,0.104725605626829,0.107000317153266,0.108256358116255,0.107581699459646,0.104923676666221,0.0966877062343719,0.0979356353907311,0.0949695835410355,0.0950798938042539,0.0893479091994559,0.0835644858531754,0.0789866693885004,0.0751712994686363,0.0645254544640719,0.0679831376951149,0.0647549093665643,0.0615616235073019,0.0505341657698132,0.0436670652954329,NA,NA,NA,NA,NA,NA,NA,NA,NA,NA,NA,NA,NA,NA,NA,NA,NA,NA,NA,NA,NA,NA,NA,NA,NA,NA,NA,NA,NA,NA,NA,NA,NA,NA,NA,NA,NA,NA,NA,NA,NA
392.198,0.145629897350773,0.200187882922383,0.172067875580765,0.173256786200941,0.161398237120468,0.157018922145276,0.129081737504409,0.122977114376469,0.111988902474415,0.108627092055163,0.115075724951732,0.11471045439838,0.108831029157501,0.106243602566217,0.104165488845336,0.106786754073651,0.10996195876457,0.105430739275169,0.108402418473683,0.11208651557336,0.110704749170718,0.109298409478512,0.109211059853246,0.105608436416918,0.104936107659474,0.103715105931472,0.0980434310881047,0.0965679876780762,0.0930491072515047,0.0868095580001195,0.0870339950494404,0.0795336997834872,0.0736566991467749,0.0736465739672648,0.0686029562322843,0.063890424615029,0.0558381369586554,0.0481348582721365,0.0386457672883015,NA,NA,NA,NA,NA,NA,NA,NA,NA,NA,NA,NA,NA,NA,NA,NA,NA,NA,NA,NA,NA,NA,NA,NA,NA,NA,NA,NA,NA,NA,NA,NA,NA,NA,NA,NA,NA,NA,NA,NA
393.835,0.157149529063695,0.195406600401968,0.202713534942513,0.185700993581395,0.170373662062916,0.150786028934486,0.14476313950034,0.132163826407334,0.126227748791927,0.128111645253511,0.114729547918833,0.108039655247574,0.113203764914936,0.108394040456324,0.110583627802731,0.112432508354087,0.109046579360283,0.113135471873018,0.114855357401463,0.112742148766796,0.110518528619665,0.115931410647707,0.110111183479752,0.111042945090249,0.110509671579759,0.100839981024662,0.10303629585623,0.100175476669429,0.0965213571875399,0.0931148373390801,0.0890459619227225,0.082058658199231,0.0711783981035773,0.0656348180427341,0.0665255338981028,0.0641511552495222,0.0598461821439762,0.0526389824081352,0.0475708657488799,NA,NA,NA,NA,NA,NA,NA,NA,NA,NA,NA,NA,NA,NA,NA,NA,NA,NA,NA,NA,NA,NA,NA,NA,NA,NA,NA,NA,NA,NA,NA,NA,NA,NA,NA,NA,NA,NA,NA,NA
395.473,0.19773583430672,0.207086175391393,0.210298166876675,0.171611083967092,0.169484584424497,0.165150551205917,0.14275463212413,0.134175358774461,0.123260797583926,0.127068394948164,0.121691574763866,0.121317398334867,0.117342028356838,0.118726543867777,0.120304623419817,0.122526508012176,0.116940030650595,0.11747863419118,0.115159484426101,0.119686519197899,0.120972743792879,0.119777729077949,0.116342292503025,0.114257009092703,0.110998176858977,0.10881967092072,0.105775778628554,0.105896102066387,0.100284667139728,0.100284970766257,0.0929065754230502,0.0871329014548268,0.0795717086892112,0.075075575523099,0.0691630349459829,0.0735017408981378,0.0641469302414914,0.0555285783645221,0.0516957961045719,0.0446563176881164,NA,NA,NA,NA,NA,NA,NA,NA,NA,NA,NA,NA,NA,NA,NA,NA,NA,NA,NA,NA,NA,NA,NA,NA,NA,NA,NA,NA,NA,NA,NA,NA,NA,NA,NA,NA,NA,NA,NA
397.111,0.162786423185908,0.195664157671493,0.179923301925732,0.188218075221381,0.161468606385865,0.151000209675565,0.157374073805215,0.144564965673347,0.132305202718268,0.134775098568108,0.1204889839874,0.124738452295924,0.120217164937972,0.116486925178188,0.120527583417727,0.116503394917284,0.114110495412428,0.12116192375142,0.116573816008237,0.121408750722425,0.122747787314535,0.120243329383928,0.116498641047665,0.121697356639487,0.113608557307982,0.108518050838021,0.109344049007875,0.105296534712107,0.0981213253737304,0.0994633214857908,0.0936941157443521,0.089979647782469,0.0885087244566014,0.0756373973174408,0.0701190343730563,0.0699487108509562,0.0698212840055393,0.0596672227526692,0.051477437897811,0.0464403083767068,NA,NA,NA,NA,NA,NA,NA,NA,NA,NA,NA,NA,NA,NA,NA,NA,NA,NA,NA,NA,NA,NA,NA,NA,NA,NA,NA,NA,NA,NA,NA,NA,NA,NA,NA,NA,NA,NA,NA
398.75,0.251996172481005,0.222051474925199,0.213620667223787,0.188168853331279,0.207842945494822,0.167200384949436,0.158883151774676,0.157852504205076,0.144440139191862,0.138461511861168,0.135028531331155,0.122807120861081,0.121182890516752,0.122628659330532,0.123810743983292,0.121284089760743,0.120251827756175,0.125302105577245,0.124942602682916,0.126126260493476,0.125715594152332,0.123901364287428,0.121130168299728,0.120130411769782,0.119602611347046,0.118043464518901,0.111519521556471,0.10915967533443,0.10773998604124,0.104133998735057,0.101946905571173,0.0965779468234342,0.0881546305700979,0.0819748527019424,0.0747637063384498,0.0725729682016443,0.0725943083930446,0.0639214827806607,0.0586396083319284,0.0526445832558489,0.0437662744003687,NA,NA,NA,NA,NA,NA,NA,NA,NA,NA,NA,NA,NA,NA,NA,NA,NA,NA,NA,NA,NA,NA,NA,NA,NA,NA,NA,NA,NA,NA,NA,NA,NA,NA,NA,NA,NA,NA
400.39,0.156664766417771,0.160805796939739,0.169406349668118,0.163570230270525,0.15522879173458,0.17173319859797,0.156623606486547,0.130365325508862,0.134819444034418,0.128331789735322,0.117285524145224,0.121076049179927,0.118771639033001,0.116991617782295,0.110792094856754,0.120085001382358,0.121514808515619,0.119519678741235,0.12597754617015,0.120911350051329,0.124106394452864,0.122471299647838,0.121839341133058,0.119197797246664,0.119534578250412,0.114918395905791,0.111313350582833,0.109705950073189,0.107149074370522,0.10392686824765,0.0963927402419787,0.0922538040025313,0.0902472731262781,0.0826606677474709,0.0766416845411563,0.0689028684012826,0.0704713224688872,0.0665276701126731,0.0525822509142396,0.0510457951765238,0.0449814822508748,NA,NA,NA,NA,NA,NA,NA,NA,NA,NA,NA,NA,NA,NA,NA,NA,NA,NA,NA,NA,NA,NA,NA,NA,NA,NA,NA,NA,NA,NA,NA,NA,NA,NA,NA,NA,NA,NA
402.029,0.250289334004215,0.234925327286068,0.201938135440338,0.219048038186298,0.187921779036848,0.189165823112781,0.168514803118932,0.161261992780555,0.154183940857222,0.145240365571039,0.140414998839591,0.126827680391686,0.125591645603542,0.124472393438843,0.127033251277163,0.132652582807386,0.130607053108204,0.128800988147834,0.127867686356614,0.127889378711081,0.130985612409541,0.128398865033344,0.130591161512487,0.131850046857254,0.12103859653027,0.118830163400563,0.117918336943089,0.115887471292717,0.112607909975162,0.107699831625436,0.106053312569268,0.101744328969754,0.0942534410201272,0.0894149857213754,0.0845837717265625,0.0708208418696119,0.0762034964111918,0.0687086057297833,0.0672854822764159,0.0556786123413267,0.0481206341842549,0.0448573239849775,NA,NA,NA,NA,NA,NA,NA,NA,NA,NA,NA,NA,NA,NA,NA,NA,NA,NA,NA,NA,NA,NA,NA,NA,NA,NA,NA,NA,NA,NA,NA,NA,NA,NA,NA,NA,NA
403.67,0.244123364883635,0.17834785751604,0.194591065285458,0.18146449186655,0.190400969242867,0.166728014648164,0.153962566465561,0.143001474356865,0.12990039159219,0.133380430296532,0.121650763705714,0.130377390330933,0.125474032751639,0.118565344155949,0.121825495635915,0.126199663828799,0.126188057749182,0.129478963546587,0.129485272798523,0.129073243196853,0.129925863444996,0.133435129569324,0.130142874945455,0.125882439993646,0.12444456408799,0.119653834594474,0.118559230721129,0.117976265687942,0.110888732796827,0.107555387532999,0.10579027909138,0.103899991644434,0.100091090969068,0.0919795366125251,0.0838440526470059,0.0727420566398629,0.0717219874198109,0.0713355255073493,0.0684297601003419,0.0581148391959479,0.0531664199312734,0.0432049272465927,0.0407297442459258,NA,NA,NA,NA,NA,NA,NA,NA,NA,NA,NA,NA,NA,NA,NA,NA,NA,NA,NA,NA,NA,NA,NA,NA,NA,NA,NA,NA,NA,NA,NA,NA,NA,NA,NA,NA
405.31,0.223912610303159,0.214678285897743,0.180013466308204,0.202342246124923,0.173669362137724,0.171517143500679,0.159823061741065,0.16125493124457,0.142363801522791,0.132405355101265,0.122861087274919,0.119317526089616,0.124399251261208,0.128700980592126,0.127075145788312,0.129187984155972,0.127852473257239,0.127532219166149,0.127597643791295,0.133463801982234,0.131998410634745,0.133461333961045,0.130907377305593,0.12606656519747,0.129533511236269,0.125357705195434,0.121286021283892,0.118214329605681,0.115311549269755,0.115333776751383,0.108985620174003,0.104918635344503,0.100114933304516,0.0929684139809271,0.0876383563560537,0.0816432967224079,0.0757066882079614,0.0724550409819794,0.0704896020085099,0.0629928206182456,0.0556412794448558,0.0501623070209913,0.0397867152223463,NA,NA,NA,NA,NA,NA,NA,NA,NA,NA,NA,NA,NA,NA,NA,NA,NA,NA,NA,NA,NA,NA,NA,NA,NA,NA,NA,NA,NA,NA,NA,NA,NA,NA,NA,NA
406.951,0.16135283344734,0.207753953681862,0.201770158152654,0.196062734458166,0.201021820808346,0.167677104263755,0.168108780862107,0.155111696084479,0.145433739329738,0.146773060449933,0.131951465562402,0.133127683772121,0.136169027406224,0.127846137456161,0.128774607518676,0.125980891276535,0.131372270009037,0.125638918015404,0.136965362607486,0.130031363479743,0.138345151269005,0.130170323594128,0.135597231133234,0.130664096190559,0.124891237351062,0.125865069127166,0.126386122340162,0.121611980284191,0.115246482789695,0.113980859162282,0.114496818237913,0.108175176498277,0.100446358447304,0.0980895562389138,0.0930634074871934,0.0866660957636915,0.0737309217060193,0.0748710579313075,0.0731705742578371,0.0648399347646623,0.0549691657833235,0.0495753307475885,0.0453539052333118,0.0387701639784493,NA,NA,NA,NA,NA,NA,NA,NA,NA,NA,NA,NA,NA,NA,NA,NA,NA,NA,NA,NA,NA,NA,NA,NA,NA,NA,NA,NA,NA,NA,NA,NA,NA,NA,NA
408.593,0.303917022058132,0.235970990042562,0.219429175373972,0.216543022455778,0.21065559163566,0.193572949157555,0.163830765951005,0.173993314077684,0.15359954013712,0.14646212332505,0.136426887276102,0.13548855395889,0.13317157782931,0.133549566509446,0.134074683508397,0.131386629816702,0.134370356276363,0.13586817157476,0.130396083533519,0.136650832020875,0.138297914936126,0.137151635936836,0.138440973843261,0.137024726848208,0.13554864683327,0.129542144110935,0.127314359783734,0.125807067539621,0.122718612941273,0.118018598039813,0.117668114079578,0.11201570588686,0.107244978982057,0.10278575510825,0.0960200759127769,0.0907286966321474,0.0859974321411676,0.0803224245430451,0.0743505859269773,0.0729173891345371,0.0639227959203175,0.0558859707418022,0.0506917809606358,0.0450229265560301,NA,NA,NA,NA,NA,NA,NA,NA,NA,NA,NA,NA,NA,NA,NA,NA,NA,NA,NA,NA,NA,NA,NA,NA,NA,NA,NA,NA,NA,NA,NA,NA,NA,NA,NA
410.235,0.236967982748681,0.270991265187637,0.241277123783775,0.215372061644264,0.223207667084625,0.196848372230545,0.188510148916568,0.167123902741932,0.154519060682479,0.151780681314376,0.149400344456299,0.136626955152946,0.135336701614016,0.133468605997932,0.130295807516644,0.135112738331199,0.140960396263298,0.135381530219553,0.139493003205296,0.138558998861858,0.138105151510901,0.138426522836348,0.139480326124733,0.135357137666381,0.137886386629856,0.131269043544474,0.127797537873115,0.125983551361064,0.119138836234847,0.121231429921674,0.119710869787527,0.113313641380254,0.105935211599869,0.105748941544551,0.100073416207619,0.0906433457599954,0.0843576050560542,0.078782381386101,0.0737376629774892,0.0726325545007925,0.0642057484995683,0.0586718824710705,0.0527422625087226,0.0484568599056,0.0409767147016625,NA,NA,NA,NA,NA,NA,NA,NA,NA,NA,NA,NA,NA,NA,NA,NA,NA,NA,NA,NA,NA,NA,NA,NA,NA,NA,NA,NA,NA,NA,NA,NA,NA,NA
411.878,0.29957026681291,0.224338156742638,0.238097576053806,0.208290920624085,0.194448840633535,0.211339674452058,0.18986541501168,0.150976166124746,0.15853583040244,0.150965779356021,0.137212489932791,0.139925388776627,0.134526990485001,0.135181649940888,0.134043936530064,0.130443993663468,0.138792179926371,0.137869121594606,0.14001987845139,0.141810358219094,0.137043431114291,0.139541846014682,0.141117174418406,0.135698661326053,0.137902950251736,0.130904976993614,0.135091751257977,0.130662922111845,0.127241510416551,0.124574672429398,0.121656525219377,0.118050077362099,0.108739734352396,0.107234528609809,0.101189469220465,0.0980727929182625,0.0868076221977589,0.0766171336418949,0.0767034340923396,0.0742049052751773,0.071718418619464,0.0621994448278141,0.0552992854038794,0.0484627232955745,0.0414175121326124,NA,NA,NA,NA,NA,NA,NA,NA,NA,NA,NA,NA,NA,NA,NA,NA,NA,NA,NA,NA,NA,NA,NA,NA,NA,NA,NA,NA,NA,NA,NA,NA,NA,NA
413.521,0.269831628841388,0.298380784716659,0.26748445265523,0.262257329759405,0.226311685637729,0.197384875279023,0.191601156761509,0.182047647443889,0.172820527583093,0.155852731229632,0.158798409982759,0.138631723850353,0.140538559343193,0.144617685797902,0.137999581704488,0.139352983890872,0.13802168692098,0.137793194605885,0.140879506218799,0.144937325129603,0.140518599343758,0.143945003809766,0.145541010012278,0.139625654241353,0.136946647726451,0.137061770187592,0.131680801557629,0.130991063657262,0.129404826293097,0.126772107583253,0.12349851879867,0.118570067463795,0.115760448989249,0.111639089078094,0.105507698764977,0.0970104098918697,0.0927348654909531,0.0844896432791907,0.0788070679537574,0.0766360602430663,0.074472593546996,0.0659401922106952,0.0609271499465624,0.0567566199420023,0.0466705270909867,0.0418155650966032,NA,NA,NA,NA,NA,NA,NA,NA,NA,NA,NA,NA,NA,NA,NA,NA,NA,NA,NA,NA,NA,NA,NA,NA,NA,NA,NA,NA,NA,NA,NA,NA,NA
415.165,0.2425989618414,0.240576534780403,0.234508324584368,0.210373404424906,0.227982302223259,0.199268316122608,0.18670325671691,0.16697416640959,0.164583536057213,0.152359987839903,0.150306381688806,0.143042520833035,0.138426567844184,0.131677413731014,0.136314190249503,0.141086865600253,0.137643576940883,0.136711255684284,0.139775031292686,0.141949216206354,0.142529984483814,0.141498009370467,0.143827559593202,0.140326277452561,0.137482895868656,0.138049141745672,0.135985556591697,0.132100047377968,0.130326776151446,0.127776288870492,0.121317945592297,0.119478138289626,0.115581294861854,0.111723868282608,0.107294935604985,0.101089566406741,0.0922322100148803,0.0886415447953491,0.0828804535989801,0.0763848051298403,0.0755465982109835,0.0702663934015443,0.0642260633237921,0.0534220363958503,0.0488402102243567,0.0413498975573833,0.0359908687134296,NA,NA,NA,NA,NA,NA,NA,NA,NA,NA,NA,NA,NA,NA,NA,NA,NA,NA,NA,NA,NA,NA,NA,NA,NA,NA,NA,NA,NA,NA,NA,NA
416.809,0.280639215771718,0.282334493423412,0.28224551007324,0.2223056062005,0.236076795804494,0.230307257342338,0.199066286305344,0.177604322612897,0.172566327707425,0.159696191276943,0.156288571435107,0.143336175862251,0.143638268221915,0.147358972669936,0.139344274127743,0.138909803020815,0.143808811727546,0.142510799795897,0.140658287891412,0.142149817077912,0.145204150968482,0.148545539917565,0.145603425454185,0.146075481360639,0.142673188461575,0.138621676205664,0.135523901757585,0.135909139567202,0.131468664659491,0.130530924106352,0.124602107948336,0.12534723375157,0.119846374940713,0.113962372063889,0.108917763758615,0.104732352438316,0.0985292421670032,0.0907217618086464,0.0834460009988835,0.0770927116651447,0.0774782546469738,0.0760773796537075,0.0622035190418909,0.0590527635947398,0.048783986172811,0.0480373941791927,0.0433326748482315,NA,NA,NA,NA,NA,NA,NA,NA,NA,NA,NA,NA,NA,NA,NA,NA,NA,NA,NA,NA,NA,NA,NA,NA,NA,NA,NA,NA,NA,NA,NA,NA
418.453,0.230659075135059,0.256978297646049,0.261034151487009,0.228102832753521,0.200162511894057,0.203417822356062,0.191172426603625,0.174063727759391,0.167136250765831,0.149644491588637,0.153774483917794,0.150700301414286,0.14792304478745,0.139136714013352,0.142749449328179,0.140234985824957,0.142108845947982,0.144107176176826,0.141189402995692,0.142568952736557,0.141307554616947,0.144519020331609,0.145420332832322,0.139995335310846,0.139134738316689,0.138133380223265,0.137951007691541,0.137459396014388,0.131038965465494,0.129972824499893,0.125823450322161,0.123543191081035,0.118430430825812,0.114007075463743,0.112157118615544,0.105765118111489,0.0964820061403482,0.0940047335197512,0.0878517514576209,0.082629182799236,0.0742422816941706,0.0741445959566771,0.067808392989805,0.0588310858130453,0.0534527879370652,0.0455668382641398,0.039942151963966,0.0331999843228039,NA,NA,NA,NA,NA,NA,NA,NA,NA,NA,NA,NA,NA,NA,NA,NA,NA,NA,NA,NA,NA,NA,NA,NA,NA,NA,NA,NA,NA,NA,NA
420.098,0.263333514754043,0.246158052860718,0.279972274410025,0.240928555153958,0.217791999195984,0.220340080759674,0.195407726809042,0.182391860526195,0.17937110469154,0.155208796772361,0.148457047117361,0.150097562259024,0.142332114877408,0.137382584038726,0.141197184467063,0.145674113410474,0.136125908756767,0.145979231798797,0.139995706430541,0.143878885054134,0.141971966691636,0.14539437209566,0.142379660230784,0.145525447525455,0.140556266273588,0.141489816352715,0.138687870053776,0.135683705385685,0.131241292833617,0.129488985883466,0.12472589734816,0.123519535049133,0.120576453268253,0.115459534796519,0.110967554126759,0.107100355097576,0.103780479869097,0.095284710090359,0.0897414510880268,0.0837971991080365,0.0775098370108237,0.0767685317604468,0.0686365003272962,0.0642021997869387,0.0519473633618408,0.0504161261885121,0.0424047088176307,0.0396344099086762,NA,NA,NA,NA,NA,NA,NA,NA,NA,NA,NA,NA,NA,NA,NA,NA,NA,NA,NA,NA,NA,NA,NA,NA,NA,NA,NA,NA,NA,NA,NA
421.744,0.299771459655673,0.272330670888111,0.249296225822759,0.234688235513952,0.229082337895849,0.219140801350293,0.210865506212902,0.194366117334724,0.174817348166946,0.167346433657455,0.173169662535171,0.156785708450744,0.146937589341179,0.146801334899529,0.151259911586742,0.139516889237487,0.143879914898474,0.145348106102087,0.147120758484137,0.144329221694847,0.147731299831649,0.14410453365895,0.148668892735984,0.14575067819698,0.145243427627366,0.140434819432812,0.14020340045755,0.139789548262677,0.138412908055538,0.134726831316881,0.131806423344627,0.127699084583992,0.122111000656631,0.120301717097465,0.113707562204799,0.107409514941487,0.105068782741851,0.101997843679865,0.094918078070757,0.0873551207477283,0.0805731958495483,0.076465818567571,0.0728283738701056,0.0665749799898185,0.0603360274834153,0.0518099235562196,0.0503583979444446,0.0403605972072982,0.03659735775993,NA,NA,NA,NA,NA,NA,NA,NA,NA,NA,NA,NA,NA,NA,NA,NA,NA,NA,NA,NA,NA,NA,NA,NA,NA,NA,NA,NA,NA,NA
423.39,0.267022314670823,0.280948573636052,0.234017280124366,0.246881902828756,0.215713626384596,0.207955096585394,0.198990726435805,0.183995869503016,0.174833092804259,0.174586225204828,0.154788065039932,0.150194433751466,0.151183057885988,0.141939244368341,0.144999893094773,0.144313919161123,0.14660429097215,0.14369299000488,0.14381181708777,0.147773135725309,0.147032148752816,0.147199796273889,0.14687329063291,0.145337187907448,0.143121101046628,0.144035290161314,0.140498096956406,0.139013000577896,0.136649747127842,0.135486364838409,0.129059473906462,0.130457728412253,0.123109417021662,0.118337461750296,0.116862812569089,0.111783045388999,0.107477263196143,0.100174311325396,0.0911670449402945,0.0886941120774895,0.0855683166132817,0.0767138954486421,0.0760885736126797,0.0680371148094725,0.0630999397812181,0.0540584240252251,0.0482962669411957,0.0422959819236113,0.0380903718988442,0.0324536363725811,NA,NA,NA,NA,NA,NA,NA,NA,NA,NA,NA,NA,NA,NA,NA,NA,NA,NA,NA,NA,NA,NA,NA,NA,NA,NA,NA,NA,NA
425.036,0.232909843121345,0.247203159338384,0.236573137221157,0.231823582640573,0.214050711360494,0.204555399977578,0.191629574687127,0.177532706857514,0.174419665960475,0.157769429926752,0.158155713982799,0.148856629518077,0.149376803042261,0.143112796146368,0.142198728696111,0.140941835785722,0.138290005770075,0.143309601879973,0.143854915831841,0.143054960130117,0.144271229498267,0.146281702146453,0.145004012191812,0.144290869998458,0.140281769537041,0.137275823164705,0.135323061403004,0.137673249274107,0.132485210063184,0.132376006798277,0.132866854938021,0.128478265073608,0.12212424729366,0.121890725711102,0.115607982944438,0.109400747197623,0.106801236202543,0.102262496348259,0.0970889953139064,0.0924590470499102,0.0843797449235907,0.0806206095372539,0.0720025744478237,0.0716849614528853,0.0610337197593352,0.0570109980776842,0.0472999099205676,0.0442603901894471,0.0384914412973817,0.0327809857460914,NA,NA,NA,NA,NA,NA,NA,NA,NA,NA,NA,NA,NA,NA,NA,NA,NA,NA,NA,NA,NA,NA,NA,NA,NA,NA,NA,NA,NA
426.683,0.225653595423013,0.240860878134307,0.230545622011179,0.226956362835791,0.230625170620583,0.209206036624245,0.193218578385184,0.1783760772893,0.181132583632891,0.167221312879027,0.154939073502899,0.145145060028502,0.146907952120992,0.145575615491241,0.138854766450456,0.136180321361727,0.138805819069921,0.144330535876704,0.141434818535781,0.141855557782805,0.141784812244127,0.145613636935164,0.145540414569107,0.141898220791273,0.145780534216376,0.142049308244142,0.140573670659715,0.139355143474964,0.13606199030423,0.134444961083549,0.131020401938533,0.129880728025461,0.127193831430305,0.121285593642467,0.11598527173037,0.115805116490299,0.106643378821811,0.103014764748433,0.0965086689689774,0.0930324902980489,0.0863470910810308,0.0751168530744164,0.074435123674382,0.0700844457374423,0.0627845586278249,0.0561522424622376,0.0509744580724145,0.0453371329249004,0.0387071452646305,0.0354023498903169,0.0337106773020874,NA,NA,NA,NA,NA,NA,NA,NA,NA,NA,NA,NA,NA,NA,NA,NA,NA,NA,NA,NA,NA,NA,NA,NA,NA,NA,NA,NA
428.33,0.319863574074129,0.291937836060118,0.261542110790574,0.265450895523977,0.226385431321783,0.224228152538207,0.218742721173608,0.199884040505704,0.182008316809454,0.167212451763063,0.169474155137167,0.158299648573532,0.15907544762004,0.156528000717308,0.152947776661542,0.144588822739683,0.145588763699475,0.140097747062224,0.146075745847896,0.143961013339834,0.144771409168332,0.145862569831451,0.146556632502002,0.145256521170673,0.145292543470311,0.143648739634691,0.140069022357376,0.139617082806772,0.141703095588727,0.138750179837124,0.134028047368752,0.131235006502637,0.128465595607106,0.121979344787438,0.119643699527076,0.113261193682605,0.108777591451555,0.106490103509722,0.105189017309006,0.0985007398451929,0.092786124388596,0.0829431359578911,0.0760304283029458,0.0786562183417088,0.0709506533903407,0.059308183742612,0.0574594579121485,0.0479582004720487,0.0424256425239059,0.0416663063213717,0.0350696546399749,NA,NA,NA,NA,NA,NA,NA,NA,NA,NA,NA,NA,NA,NA,NA,NA,NA,NA,NA,NA,NA,NA,NA,NA,NA,NA,NA,NA
429.978,0.297121917134318,0.313738319571861,0.242956590013608,0.226566811101918,0.226512884424751,0.210985289946042,0.211470597682672,0.188040959117525,0.185665820016921,0.16469330598693,0.15692511714033,0.153225741714279,0.149453267305225,0.150608172185362,0.142332687549322,0.14434310444099,0.142314522402436,0.144330858620761,0.143166725929762,0.14112392205388,0.144510735457132,0.146917968973321,0.149416001156372,0.14505680491459,0.143443039282816,0.141843426953194,0.142745045763402,0.13879813636105,0.135711540791603,0.133757780798936,0.131289665663943,0.129538937468347,0.128720808403766,0.124232228065181,0.119863124511033,0.114655941172437,0.109278899789057,0.106294556366445,0.0997423249787428,0.0982674140188665,0.0938526115255415,0.0849170465209273,0.0790219752993984,0.0763654138068392,0.0720995103971574,0.0651761865730743,0.0590634828221644,0.0523136922194617,0.0429398986135297,0.0387939920148763,0.0303202099926275,0.0313668230445174,NA,NA,NA,NA,NA,NA,NA,NA,NA,NA,NA,NA,NA,NA,NA,NA,NA,NA,NA,NA,NA,NA,NA,NA,NA,NA,NA
431.626,0.253723561610522,0.247690191363814,0.244972983745716,0.237310135372932,0.223854666271875,0.220016687997135,0.207489416160892,0.195101867424657,0.180575036093191,0.172592678059551,0.159789783845813,0.150316644060621,0.15448480983613,0.145736228087117,0.146942830320114,0.143970216901364,0.140966711470168,0.1464760380394,0.141630271013782,0.144383654479452,0.145283331720016,0.147945417712533,0.143262111916641,0.146812822012032,0.139958175021056,0.142013341755072,0.140106535061222,0.139615150611521,0.139386829539328,0.138681197110606,0.13592619707252,0.132523341951755,0.131594891822327,0.124675046142042,0.1224537482537,0.119038335689909,0.112778875016001,0.108586403150554,0.106899991645935,0.100567534954542,0.0919681665503508,0.0886788248908495,0.0796689042961397,0.0783897955619878,0.0717314202673077,0.0663790863328839,0.0589573454706198,0.0524951096404039,0.0487740124377816,0.0411874071892645,0.0336906592208164,0.0300523270527176,NA,NA,NA,NA,NA,NA,NA,NA,NA,NA,NA,NA,NA,NA,NA,NA,NA,NA,NA,NA,NA,NA,NA,NA,NA,NA,NA
433.274,0.339606895519769,0.335047792055391,0.262654085771794,0.267171525884498,0.237474574070012,0.235998354181775,0.226825668967737,0.209986446528651,0.193237928252518,0.180856262438372,0.165461567106536,0.164090627901553,0.157304572393898,0.154370913862062,0.15126026952318,0.148425603718663,0.14774847141505,0.146633544029985,0.147269706892267,0.150480056310626,0.145933483287857,0.151127981630919,0.150328802763203,0.146478008817985,0.148201904993053,0.144833957678998,0.146386719274608,0.1433884118865,0.141300748757086,0.140523729080612,0.138566775131859,0.136264297848378,0.131283881673444,0.130276940409562,0.12360915982647,0.116406681771627,0.117501546918957,0.112540785950361,0.104962965540577,0.100553259111128,0.0983066748769464,0.0933514811190374,0.0834705716371115,0.0803968612272119,0.0744540278837412,0.0731154927902062,0.0655842283684417,0.0582725210306288,0.0539481303127489,0.0443011440571276,0.040257838666151,0.032477441004542,0.0287436968220876,NA,NA,NA,NA,NA,NA,NA,NA,NA,NA,NA,NA,NA,NA,NA,NA,NA,NA,NA,NA,NA,NA,NA,NA,NA,NA
434.923,0.244917565200161,0.275172468240408,0.294454537296586,0.279048478442284,0.241650284807791,0.233369315007517,0.208756259362514,0.200724351901978,0.189929941066,0.177615182093717,0.173468996070527,0.164096675517847,0.162077037770426,0.151868119064966,0.149201226359425,0.147782507865251,0.147492338191724,0.147336971116586,0.148103116983292,0.144576759286489,0.144779523806271,0.148519536883155,0.152283528728195,0.146958525688574,0.144279157809539,0.146155615173861,0.141049920238476,0.1428422496795,0.140128582076615,0.139811189523711,0.142359036840923,0.135564882983819,0.131389800169455,0.13047524469517,0.126551648106974,0.122345817095348,0.118195705379652,0.115337657254581,0.107906406838498,0.102785483927671,0.0982359082451779,0.0950775917473089,0.0886686102947045,0.0813834093583,0.0773061152277611,0.075366919624376,0.0686279192277279,0.0574378859129644,0.0556328267478704,0.0453143243171647,0.0369044088936674,0.0357448573017822,0.0306558655827976,0.0290786678043496,NA,NA,NA,NA,NA,NA,NA,NA,NA,NA,NA,NA,NA,NA,NA,NA,NA,NA,NA,NA,NA,NA,NA,NA,NA
436.573,0.258083225426388,0.284360903712784,0.271829222747651,0.255553426987226,0.238400972572148,0.231146404195609,0.210594347390028,0.206790389857619,0.188002644948135,0.181129140836489,0.170622136013434,0.165066703992675,0.153648919625302,0.155501955268129,0.149575056696974,0.151582083448444,0.148059564646621,0.142717801375957,0.144850536131745,0.148134606052435,0.145729126922887,0.147264006685651,0.145502553903276,0.143807534590977,0.143836463410397,0.1440096038411,0.142690172730505,0.143052097314245,0.141069434793418,0.143813602090369,0.140681259067087,0.136343999557229,0.133999498894274,0.132082019484783,0.127073648595859,0.121647459773355,0.117527518530218,0.114363224534714,0.111412502434414,0.105080598615117,0.103020890698266,0.0950463567553998,0.0885664800130975,0.0866829178950553,0.0734824068739961,0.0700980444293399,0.0659310453980096,0.0615724765373821,0.0512775238149941,0.0477016891103796,0.0436882842527194,0.0369947293702315,0.0322595986067094,0.0265285834783211,NA,NA,NA,NA,NA,NA,NA,NA,NA,NA,NA,NA,NA,NA,NA,NA,NA,NA,NA,NA,NA,NA,NA,NA,NA
438.223,0.209762708986611,0.263393510119821,0.223323802636349,0.220981845508831,0.235723554826849,0.232519385256073,0.213143729240875,0.194455204778799,0.182291678005482,0.178853673523718,0.168279419045759,0.157575783567093,0.155244382013885,0.148837398814359,0.149785690541766,0.140378582835156,0.146184180861494,0.139076174812703,0.14147602390251,0.139177099068849,0.14321870076881,0.144650514304202,0.145296364777814,0.144248805452876,0.143246873459775,0.140522822542712,0.142094623400573,0.143223636868266,0.140687140487211,0.138358814737344,0.137649664666989,0.136174643496458,0.131926430140992,0.128295025012827,0.124418061423363,0.123393412091836,0.118468129194212,0.112324784788692,0.10926584852562,0.109093956609471,0.101626819341952,0.0944528917075653,0.0909797826275136,0.0815376433858513,0.077976442854102,0.0710689509278186,0.0683901105967387,0.0592966126948103,0.057106528621124,0.0498755462175913,0.0418421064255138,0.0355493037819601,0.0349593919509753,0.0286682274957691,0.0236041635172181,NA,NA,NA,NA,NA,NA,NA,NA,NA,NA,NA,NA,NA,NA,NA,NA,NA,NA,NA,NA,NA,NA,NA,NA
439.873,0.294923649598245,0.239364118937565,0.27196211794557,0.262090372852843,0.242750216168412,0.233919434015357,0.220645647349513,0.206713251791994,0.199060884645814,0.185154293167145,0.167950338290295,0.167157457408457,0.162239216391652,0.152152632224176,0.154451911787645,0.148826580226331,0.145765108993366,0.147778021272622,0.146971008476369,0.148559563891329,0.146125038740808,0.144273495773538,0.151062797725781,0.14630447678264,0.144118682039397,0.141962540168739,0.144717190045606,0.144734929676419,0.139171688232524,0.137192891084411,0.13659317060259,0.13654141389228,0.134906630531395,0.133020037955968,0.128145241058418,0.126416486626726,0.120010075657787,0.118380365032534,0.110666608122486,0.105572402253764,0.103643636134643,0.100840595751314,0.0938785322914307,0.0876593783600502,0.0772944497850112,0.0724025688712327,0.0700861084078585,0.067209833447036,0.0609485357719779,0.0508561866227672,0.0473055730905531,0.0435156663156376,0.0363255115441416,0.0320250660482768,0.0294224736738913,NA,NA,NA,NA,NA,NA,NA,NA,NA,NA,NA,NA,NA,NA,NA,NA,NA,NA,NA,NA,NA,NA,NA,NA
441.524,0.229698655422858,0.306593384528939,0.248479652837969,0.253754516254031,0.251472326954815,0.228193832704154,0.215155930652617,0.206866256165424,0.199106397837652,0.187597836586876,0.177955512164995,0.167336700743844,0.163260759843608,0.155750688873632,0.157081984464725,0.148788680521122,0.142617555678615,0.143837406769862,0.142453510480701,0.144044544395109,0.147216954290214,0.147051299438679,0.144889907283071,0.145115333369121,0.144312694666098,0.143094272396237,0.142220816158537,0.144729318716938,0.143178855253625,0.141795373568478,0.141629432486869,0.138519386338257,0.137196439871312,0.135014417006705,0.124922774056574,0.124521359707704,0.119655095322225,0.116670146423231,0.115816535460493,0.106553574903705,0.103998829878776,0.101569649798179,0.0956551951119903,0.0882480223147276,0.0838105937236781,0.074546753436687,0.0699203367732595,0.0654871674959063,0.0592431918351048,0.0559949807964602,0.0488618658244097,0.043628561768528,0.0391666420971578,0.0358631714786866,0.0305300765098645,0.0256086592165594,NA,NA,NA,NA,NA,NA,NA,NA,NA,NA,NA,NA,NA,NA,NA,NA,NA,NA,NA,NA,NA,NA,NA
443.175,0.661344600148886,0.51452653468823,0.459720736474382,0.401092083036742,0.349575120957919,0.335516756528102,0.303458293921859,0.276145537044057,0.267168633865122,0.238981282651537,0.227342305020468,0.206399792490652,0.200366102928637,0.186431193985849,0.180431307505173,0.180557313450408,0.172848717319622,0.171829905070004,0.170056212554237,0.166381584601747,0.166962613709971,0.169202350326524,0.166520843556025,0.166410268755116,0.159344452223263,0.160141033989457,0.161926911819117,0.155713164928506,0.157206634621927,0.155627844777978,0.156264903402697,0.155571898073946,0.148350919788294,0.147012530932742,0.14526649257458,0.140139100210913,0.13872394937176,0.135306588489657,0.131946347433973,0.125796418909843,0.123223795664742,0.11820994366388,0.112293517536365,0.109014964820747,0.102506560469188,0.0977061108025916,0.0900396951209459,0.0898068440670922,0.087207228770978,0.0762703125346105,0.067979223162632,0.0660530287976537,0.0638743537594267,0.0589676812070344,0.0508223562972148,0.047429696793679,NA,NA,NA,NA,NA,NA,NA,NA,NA,NA,NA,NA,NA,NA,NA,NA,NA,NA,NA,NA,NA,NA,NA
444.827,0.375638162789228,0.337048319440904,0.318128023431884,0.291935973155464,0.264122894211884,0.257384269691972,0.235722693411902,0.229006971287366,0.218064090680811,0.202081710950044,0.191142447698514,0.182973290784622,0.169931463942533,0.163323172857191,0.163236164417057,0.157483848965134,0.149931366373371,0.151158726164779,0.148388139243656,0.149565963802404,0.14667220749009,0.145968247473943,0.152228870013919,0.14783399361303,0.148923193588659,0.148331106954742,0.147421322306602,0.145622552737272,0.143589048371216,0.146033488147503,0.143791682719121,0.138297844998845,0.141449889436395,0.137301045316685,0.133514070610791,0.128854456610528,0.125373114243906,0.124782932577771,0.122306214290207,0.117589337086037,0.112869569026754,0.106095769075916,0.100673082384755,0.0956046998611769,0.0914704387736975,0.0880419032255923,0.0754407264411072,0.074187147891849,0.0697056392967678,0.061779386065638,0.0579740026241359,0.0561602913920677,0.0452362734708788,0.0424612032554839,0.0367721255027995,0.0320278726327431,0.0297758133774846,NA,NA,NA,NA,NA,NA,NA,NA,NA,NA,NA,NA,NA,NA,NA,NA,NA,NA,NA,NA,NA,NA
446.479,0.234308532312075,0.252283170354137,0.273038078952005,0.259206456806371,0.242915206193489,0.227433924168716,0.220475324815717,0.211699418238604,0.187880577255131,0.186879563135493,0.174181657728728,0.161796948189892,0.160291538622642,0.155484826606876,0.153286529802871,0.151934263049999,0.143274631725063,0.146035009032911,0.143909714789352,0.143007312274308,0.141921108423312,0.142912866339483,0.143921497753678,0.140721210932924,0.142951816940589,0.139494438322067,0.139850021111419,0.140410785423608,0.140543836326735,0.138289502521627,0.139154004083449,0.135198238648849,0.1375511662797,0.130333947151056,0.131313539088832,0.123231413603155,0.12256214043769,0.118435171188713,0.116820016141324,0.111604687020369,0.111243411338074,0.104263720966902,0.0997266129697333,0.0910286913440532,0.0884700941372809,0.0806670716005383,0.0718016649496846,0.0723900341343887,0.0691413654735582,0.0617845247250753,0.0544175746812035,0.0435303747750114,0.0419597039292897,0.0385272809325608,0.0320679631314295,0.0295020230778993,0.0245651110889185,0.0218748739338207,NA,NA,NA,NA,NA,NA,NA,NA,NA,NA,NA,NA,NA,NA,NA,NA,NA,NA,NA,NA,NA
448.131,0.279847473585731,0.25853151188462,0.242061387464724,0.236640214353814,0.232419576999578,0.214485104743533,0.214366644273757,0.211555322172771,0.192041489950757,0.184243765558798,0.175078077337654,0.16904052807058,0.16494189266889,0.158731574961668,0.151851470557687,0.148166037478313,0.13990168603049,0.141863304885551,0.143645490391545,0.141056499197631,0.137717921009701,0.145729175302724,0.138716251187207,0.140011876725518,0.141605245998755,0.138772302382858,0.136866791742646,0.135572020777882,0.137816149220106,0.138146635862638,0.135030258319372,0.136339192994702,0.13366277938989,0.128856480759282,0.127833881158757,0.123674545241914,0.122222070787415,0.118749748763792,0.116126158392667,0.112854545073326,0.107906053021838,0.104855358020798,0.0987115548554446,0.0934553162022922,0.0884322441059276,0.0837564361554703,0.0754774782106848,0.0695364843559049,0.0681235228745593,0.0626417050427315,0.0536358353710683,0.0485046910681229,0.0431908992250833,0.0371555844157739,0.0358479290668443,0.0316887178359593,0.0246326561182487,0.0227039062982659,NA,NA,NA,NA,NA,NA,NA,NA,NA,NA,NA,NA,NA,NA,NA,NA,NA,NA,NA,NA,NA
449.784,0.261168639482898,0.277058773366932,0.249763699268607,0.272266550929419,0.258126579264008,0.248591311460398,0.22235374818046,0.20295510152231,0.203019747352698,0.192075986826077,0.185747132839641,0.169940449574895,0.169555803131754,0.156245574186066,0.150868745942212,0.146351480693745,0.143430607031978,0.142154487811059,0.142443121939855,0.143319821445638,0.141665545305936,0.145731033593956,0.142809192405512,0.140628080138204,0.138061178176411,0.138611597239729,0.138924521174311,0.141376401171107,0.137590778356328,0.140709184849444,0.138841673980588,0.133737229370412,0.130493789073364,0.132268104248361,0.132467907084668,0.127775805608996,0.124064282254491,0.118924190964775,0.11952746535161,0.114873864235113,0.110623713997249,0.108279375583685,0.103691971214257,0.0960966981002249,0.0899042918050287,0.083786542445323,0.0801432862622874,0.0761974626456113,0.0678691466423916,0.0629163943596309,0.0597650646019281,0.0524107579991634,0.0486728339692176,0.044680663856481,0.0377748934209228,0.0325196000687006,0.0278985508876429,0.0245249297173616,0.0216302394384939,NA,NA,NA,NA,NA,NA,NA,NA,NA,NA,NA,NA,NA,NA,NA,NA,NA,NA,NA,NA
451.437,0.293759100457613,0.265432907956264,0.243419413907417,0.242714649693997,0.229833051525517,0.226465911368185,0.218686676451842,0.205453437795867,0.202057401161802,0.183411509777934,0.171284584830421,0.175414466376271,0.15970770867578,0.162508423039482,0.146937545688993,0.14863243253627,0.144756276564117,0.136955199898853,0.138034703356099,0.141128352989643,0.13938503987546,0.136211906182166,0.13858836448226,0.140096076273571,0.136934345405101,0.138211514336113,0.137078845019131,0.137979273095475,0.13791767977896,0.138405361984697,0.135779925661998,0.134819315737022,0.131969084056611,0.130125789637494,0.128456067737028,0.124533994192519,0.120717687924059,0.118772119243007,0.116917438721875,0.11348652932392,0.109246342299279,0.104846342863473,0.0996478091114188,0.0944731349911018,0.0911183902027971,0.0878323041775287,0.077426210562829,0.0697997813722714,0.0694889530428319,0.0664815961837029,0.0590418084607017,0.051704857974237,0.0494856419474722,0.0426212483274132,0.0374019936756828,0.0330495165912929,0.0317904454752349,0.0255311562803315,0.0227453011326797,NA,NA,NA,NA,NA,NA,NA,NA,NA,NA,NA,NA,NA,NA,NA,NA,NA,NA,NA,NA
453.091,0.269193273471502,0.252439029930272,0.289250124468056,0.279533155731797,0.237139900383714,0.239333840683617,0.228057466213641,0.22008511149335,0.203706373664287,0.185847125055825,0.177234396621154,0.179239097729537,0.169645568197571,0.155300934498842,0.152521214678493,0.149004837044963,0.144455449701969,0.143683088379824,0.143437324990084,0.138079565385401,0.144272400197232,0.139673942427858,0.141192482339188,0.138416237475116,0.142414111043399,0.136965294566349,0.141755792658542,0.138503688737181,0.137583779349174,0.138171505794821,0.136726767861326,0.13322754533307,0.1330207801823,0.131382656841352,0.131070750750436,0.124728374368527,0.124316819636505,0.120625938682959,0.119110555989658,0.11689135125835,0.112508625512331,0.106775672244015,0.104272808130568,0.0999946471696887,0.0932214964007354,0.0882572228784916,0.0831818120710745,0.0757166731419594,0.0721014753518093,0.0688442307943104,0.0667818708069504,0.0583402030166429,0.0483537334361152,0.0435913185220967,0.0425548258794383,0.0379177817752732,0.033903586008296,0.0294184842836319,0.0262952469492619,0.0211606027024878,NA,NA,NA,NA,NA,NA,NA,NA,NA,NA,NA,NA,NA,NA,NA,NA,NA,NA,NA
454.745,0.277452885624309,0.241267123394606,0.231503322326143,0.233637821173246,0.234351755738578,0.213399986044303,0.212508239191681,0.205254671157983,0.195970706462649,0.180746590728343,0.175990138673213,0.166499633283171,0.155461859627367,0.153955674838935,0.148529768688511,0.145158797991993,0.139895650963836,0.1429227531355,0.139571041787133,0.134088081254114,0.132142848225374,0.136651857861115,0.134304219760734,0.135630602646141,0.133073269479543,0.1363177096894,0.132464381437532,0.134269625415468,0.136156028412443,0.133103143990869,0.134858581610812,0.133416414299762,0.130193050230487,0.127099158658804,0.125702357214948,0.124355013124974,0.119876031187213,0.117536742688745,0.115763578159216,0.110371086780703,0.107913442029229,0.105458717724151,0.102826265790916,0.0965260180035502,0.0915368456599561,0.0859774370389618,0.0796575598826371,0.0752066889264948,0.0680180971450865,0.0653232358930252,0.0633519860157197,0.053882667254061,0.0500240704621541,0.0438970886148195,0.0404893122863656,0.031632264981432,0.030112879283987,0.0288241992081217,0.0245293481327946,0.0224827347150706,0.0186073940171489,NA,NA,NA,NA,NA,NA,NA,NA,NA,NA,NA,NA,NA,NA,NA,NA,NA,NA
456.4,0.364047588415911,0.270019467811483,0.279366426155966,0.267481675093929,0.234466806019124,0.247303992400491,0.223724257063976,0.213672196775835,0.208808895493548,0.190300771653919,0.175803905631399,0.168692855251458,0.163972657774564,0.157094888974291,0.156697985564351,0.144087423921155,0.147396311571008,0.139457568774454,0.139396450703831,0.140622791173839,0.135305376753998,0.137408963313777,0.136961387386533,0.136739860564879,0.136316929497664,0.135732551941463,0.137450141694139,0.134378105706138,0.134835101313191,0.135891031509608,0.133795508922202,0.131779179187893,0.133417518989268,0.128677886882962,0.126106059713239,0.126132658552015,0.124546614213357,0.119460902769701,0.115659448690903,0.116200119496316,0.114032281365766,0.108984673568012,0.105876474060477,0.101633587469046,0.0949047553850719,0.0913648464421243,0.0856932207738078,0.0755456456120476,0.0738671427725208,0.0695334844894742,0.0662545878245026,0.0600344618317449,0.0550147706147814,0.0481866246402101,0.0428902590467205,0.0382367286360487,0.0351348454058472,0.0310887059149047,0.0280664444956857,0.023670097073603,0.0208224996256756,NA,NA,NA,NA,NA,NA,NA,NA,NA,NA,NA,NA,NA,NA,NA,NA,NA,NA
458.055,0.277628961363544,0.292896638103479,0.260215104326294,0.243040704236116,0.252214837413526,0.23635121488478,0.230516313087193,0.213899239207858,0.198245671526997,0.189125094039315,0.184208884766899,0.164665444466731,0.17015783307198,0.163036155402512,0.149602107384357,0.150677365069788,0.144909488463344,0.138442701189029,0.14070060918695,0.139418157232858,0.138645167435808,0.138723838957279,0.138223829425826,0.137864779140713,0.134278307728489,0.135154115467297,0.131684226840469,0.134687641488176,0.132265537473526,0.132999579508704,0.132811343245714,0.132743816316566,0.131465073821473,0.131093738825031,0.12600841090175,0.122794272115735,0.120672863502019,0.118851693726955,0.11792738206478,0.114548699306601,0.111939434147042,0.11061449219384,0.105784164219543,0.099766980454005,0.0958375747875235,0.0915210690332614,0.0845501997720178,0.0803257322445879,0.0763849996090366,0.0664070587903709,0.0633213241920024,0.06167177833972,0.0548015957412147,0.0441645742072467,0.0427210889349071,0.0416764270093243,0.0352206184275702,0.0306376272882383,0.0287844658220893,0.0286247849492769,0.0213377787407339,0.0218517978634046,NA,NA,NA,NA,NA,NA,NA,NA,NA,NA,NA,NA,NA,NA,NA,NA,NA
459.71,0.298363833634977,0.278453895942644,0.281788740513986,0.255222441142148,0.263894422267134,0.243060336349378,0.221020360374756,0.200419392635958,0.204353996833359,0.191438487663296,0.175281878841557,0.16997535038841,0.166441573349155,0.160682667381379,0.156425397544489,0.146178895701944,0.143201069678009,0.135037987775427,0.140271262447025,0.135999729626709,0.13940792433913,0.138559815288269,0.135794826170142,0.133384817470511,0.129796581191624,0.137186494572006,0.134508198214674,0.133347902113041,0.13107804860085,0.133020537126892,0.132823124937726,0.13207287740854,0.132158846667799,0.128290590981785,0.130013796552546,0.124687950273382,0.122010848946946,0.118300675067186,0.11940558494815,0.114206993692133,0.113074189298756,0.105880974037854,0.104467791076462,0.0974416659549252,0.0968848607184644,0.0891425687898265,0.0850802220918215,0.0802869745933739,0.0757405414077976,0.0687539934308007,0.0631947734535324,0.060291345790611,0.0580790438765794,0.0511705591668586,0.0480114661050794,0.0429521356153206,0.0371215036841024,0.0321797833592886,0.0307390867225103,0.028879144977648,0.0266998103407183,0.0205391374440937,NA,NA,NA,NA,NA,NA,NA,NA,NA,NA,NA,NA,NA,NA,NA,NA,NA
461.366,0.26438484005041,0.24124105873896,0.260633854218913,0.239627631603844,0.227012383713675,0.221259704049065,0.22712098329543,0.203505157902331,0.199374372153216,0.187374696957432,0.175229572721048,0.171441442391321,0.158869287711911,0.153310677192106,0.151553127357002,0.143214969478571,0.142291165373323,0.136551119658951,0.13051359263475,0.133684857928505,0.133200002398586,0.133526702779812,0.133773017887626,0.131276708245467,0.131094872850408,0.130576750616237,0.127511750050345,0.130546310135962,0.127658151543752,0.1295942923259,0.131295549085969,0.130751236670149,0.128899091189575,0.125620211925359,0.123741913962769,0.122203132054629,0.11801241363666,0.118266440966526,0.119178174832051,0.115114788449362,0.108949575012085,0.105354049861972,0.104044733751818,0.0979212130613429,0.0963564855689648,0.0885006505665398,0.086099057558825,0.0801268643199342,0.0745796591846668,0.0679911048330738,0.0654254366938391,0.0604205516392428,0.0568221160712122,0.0477860999885494,0.0442488106040261,0.0416321866661383,0.0380888871764449,0.0357417669067771,0.032370956110367,0.0273349395334129,0.0242736207245779,0.0221936897428938,0.0190622664213274,NA,NA,NA,NA,NA,NA,NA,NA,NA,NA,NA,NA,NA,NA,NA,NA
463.022,NA,0.265288670403594,0.263624364063942,0.232526183480114,0.23742313422337,0.218719828813,0.219748922926342,0.215249286635194,0.20049162938521,0.192990234552147,0.179527715469839,0.166187521517411,0.160042350300018,0.149487207964726,0.150241060108196,0.142655130848793,0.139241502621181,0.138971140618256,0.133383651135949,0.13357504312733,0.132154695260727,0.130443168339912,0.132127142109886,0.129047914878541,0.129627319544757,0.130978011491651,0.1281143560479,0.125825473164971,0.130915950997152,0.128400689679349,0.130012990833648,0.126297196718619,0.126664503705088,0.123972355931898,0.123067285700593,0.121520465217304,0.117740190168261,0.11919619691888,0.113324690560883,0.111270460959906,0.112944384983992,0.108233877382474,0.103537813695378,0.097421387070272,0.0941784823631252,0.0902228554514594,0.0870706228792435,0.0789569201305142,0.0760689654051111,0.0707036453842078,0.0635117801314616,0.0587145717811733,0.0587349085454952,0.0534234238876687,0.046162596471167,0.0412234196759652,0.0381728710213112,0.0335841258497846,0.0310815421029193,0.0289115065875282,0.0247102216454333,0.0223396500511812,0.0212170763366303,NA,NA,NA,NA,NA,NA,NA,NA,NA,NA,NA,NA,NA,NA,NA,NA
464.678,NA,0.263509569740925,0.253917544423656,0.253950433022537,0.243672651325326,0.237305415287943,0.222400283328606,0.206213644126822,0.201181606572467,0.19182578226294,0.183672204054212,0.168983673894227,0.160209564053049,0.151183383654932,0.151321081995398,0.145931665766017,0.14041090827087,0.137392078997517,0.135374238375168,0.132352299678983,0.132384492049778,0.132192086727046,0.127212109208939,0.129231626264419,0.132399378156885,0.124700147795407,0.129299262137569,0.128305852837736,0.128605235075416,0.124682075602083,0.126224425225577,0.12724208107857,0.127707877748629,0.126579771588613,0.123558299163432,0.119432827464912,0.118089174703833,0.118764350856179,0.114555705531312,0.113016377537201,0.109207429728982,0.107466978554485,0.107097334056389,0.10056342063338,0.0989576514188433,0.0913748230416795,0.0895875620931301,0.0859186621499989,0.0768574691123191,0.0695192612060072,0.0702155028697509,0.0643011656322416,0.0587593217986004,0.0553701153231887,0.051841451406449,0.0459871118513306,0.0404611839152833,0.0372883203891049,0.0322544686886447,0.0311304424230195,0.0253053742952782,0.0252017464650816,0.0227108286139963,0.0189840973328723,NA,NA,NA,NA,NA,NA,NA,NA,NA,NA,NA,NA,NA,NA,NA
466.335,NA,0.24625525486384,0.271505438677884,0.229353287101087,0.232374639078599,0.221794746525642,0.216583645638819,0.211839779091247,0.189861581265312,0.184474563285589,0.174577837848382,0.170365040322947,0.157612297198104,0.152796472129419,0.146064604677265,0.139273421336353,0.135091854642305,0.135408470228919,0.132347127354033,0.131849012557601,0.128114494992616,0.131436618391475,0.128715689304601,0.125708809037025,0.125157629068568,0.122752490997538,0.126846050142617,0.127713739597363,0.125305747608462,0.127516497494005,0.124215312970381,0.123423835884189,0.122076189057888,0.122943854720565,0.123100266029746,0.119549710867808,0.116773343397961,0.115552752322178,0.110505087897995,0.109547329577426,0.108072030403219,0.108646431833571,0.103902602299366,0.100939528181099,0.0939121556225041,0.0886471861100038,0.0860944539012567,0.0815747022195069,0.0759464775638491,0.0721793490867644,0.066903833783307,0.0599065523734299,0.0581152310143136,0.0575556237508844,0.0476367299039054,0.0450815723585326,0.0415628906547788,0.0395691205938053,0.0347395438887129,0.0316303638215548,0.0281933192020039,0.0253356242606777,0.0224001496106239,0.0180851832917377,0.0160241526900949,NA,NA,NA,NA,NA,NA,NA,NA,NA,NA,NA,NA,NA,NA
467.993,NA,0.277934292494032,0.268688264642754,0.270841180665481,0.229187306834377,0.223076424586265,0.21748430526738,0.202658544613437,0.201585921238652,0.190046627674825,0.170727495395159,0.168384400981861,0.161533959473642,0.156628707948345,0.146264387808006,0.141548404426418,0.138417010057625,0.133860119006317,0.129744559314388,0.133983835319216,0.127852540129526,0.128749390884124,0.127318657467384,0.125433911617099,0.126623487412189,0.128204999456099,0.124222511915744,0.12649580004741,0.125013871814814,0.123811767763658,0.125911164049117,0.125112398761484,0.123021807743719,0.122453350340926,0.119471779816445,0.119855423977392,0.116446495749991,0.114649823295183,0.114621036981505,0.110698904294447,0.10926431719407,0.107464046252256,0.103271026657342,0.0996878146117102,0.0949102840781739,0.0924114245269177,0.08745656614942,0.0851050638242395,0.075654385566839,0.072183864910488,0.071525220694983,0.0614995886148218,0.0616138886341624,0.0582041248655716,0.0538360838416458,0.0476631693758299,0.0416046968136878,0.0382377334986724,0.0365756797920888,0.0313053963884597,0.030228979583985,0.022617500020815,0.0240911042720849,0.0212374310522453,0.0192393080912299,NA,NA,NA,NA,NA,NA,NA,NA,NA,NA,NA,NA,NA,NA
469.651,NA,NA,0.271231149436727,0.253699982899108,0.246569197425696,0.23105783573123,0.207568849086406,0.205499177769606,0.199901179210641,0.190169987388575,0.184870005779415,0.178423202080574,0.160418640124844,0.152659391996829,0.151207079328613,0.147194898462139,0.140323741782925,0.136383593516821,0.134493222686095,0.130694886368662,0.128269224843851,0.127761854514049,0.1264762586332,0.125908944435738,0.12556767729548,0.123904403516655,0.124521424070901,0.124490257631261,0.12426891207797,0.128871365430004,0.126410463016451,0.122311737259386,0.122491555337353,0.12154880832427,0.117810843495444,0.12076826576835,0.119772837980873,0.112380413195483,0.113788650272478,0.111098981072636,0.113191989180472,0.107472488563155,0.106384930730844,0.0989704056489257,0.0984956953632025,0.0924894599250525,0.0859283175847647,0.0848701259450239,0.0801616780139676,0.0732359910677742,0.0694385624274538,0.0665547893291454,0.061481170094631,0.0602924550657467,0.0553423558450194,0.0499431051443001,0.0435258860730556,0.0414652469735535,0.0395674725132443,0.0340933466998098,0.0314011202800815,0.0298381248667308,0.0289738085790006,0.0209418750666739,0.019986008425036,0.0153439105449282,NA,NA,NA,NA,NA,NA,NA,NA,NA,NA,NA,NA,NA
471.309,NA,NA,0.238165477715421,0.223127537837854,0.214798661008214,0.232931025085368,0.20664064422512,0.195740222375247,0.189048607782023,0.181904784046419,0.166747726253458,0.161801917440681,0.154577630453949,0.151920096129254,0.143058029537777,0.140517279277515,0.136201090610044,0.129580300273154,0.127441712806495,0.127880599242918,0.1259234349257,0.120831955278139,0.121901130954362,0.124561279472989,0.122484986640577,0.120485655912805,0.122412598425636,0.119681048685148,0.12230577811579,0.120974918073677,0.122718514937369,0.119677573498129,0.120988491589831,0.116652402936254,0.114318047396335,0.114680457816059,0.112875379593692,0.113199728897564,0.10977529041338,0.110851449626852,0.106771457727134,0.105251165902286,0.102116271310653,0.099834574083693,0.0940961731107446,0.0901590139519252,0.0874748520985992,0.0833543520406786,0.0771284662110889,0.0745848507640459,0.0689036828867068,0.0639911408897746,0.0585657005988802,0.0572353979495726,0.0529175339976301,0.0477858767905637,0.0429810063381945,0.0402365469187201,0.0363836907010031,0.0330975791947671,0.0296400305806529,0.0267788428325399,0.026139574077249,0.022870596198041,0.0202816780727086,0.0168581161289896,NA,NA,NA,NA,NA,NA,NA,NA,NA,NA,NA,NA,NA
472.967,NA,NA,0.234766775088073,0.23165489530511,0.230804673011294,0.197216798844093,0.214417210387168,0.207547028908383,0.187156972499414,0.181235742288411,0.172150168464877,0.161529837648828,0.159610669047687,0.154076743782078,0.142665008128185,0.140009803286522,0.134808754381451,0.129994621651549,0.129214913180398,0.124023502225341,0.122304783811811,0.122445217440472,0.123223302502487,0.120226160236924,0.116395125513226,0.121476824797582,0.117769954895519,0.119041483133118,0.122289048941846,0.119224706405996,0.122132622090435,0.119852190471277,0.120121178854419,0.117006589331192,0.113736806628174,0.115237228289209,0.112661374776935,0.112394876908626,0.113419933931663,0.106083423504849,0.107272652961521,0.104399329459019,0.101356717136656,0.0999282009572454,0.0963919251357311,0.0881152043922443,0.0857195531589882,0.0847779340848101,0.0786044097837975,0.0755725119602241,0.0718025008966322,0.0668471219241506,0.0615344287664386,0.0564262372635011,0.0557112766101597,0.0511483006257017,0.0445579467293782,0.0384617183724945,0.035862096284834,0.0345269493735775,0.0318449568034721,0.0275503557834187,0.0272889211183605,0.0237920135782322,0.0201601452123661,0.0178566787010927,0.0138639009090147,NA,NA,NA,NA,NA,NA,NA,NA,NA,NA,NA,NA
474.626,NA,NA,NA,0.22990237442992,0.215917442964007,0.214362175252422,0.206921257278067,0.201472337602978,0.189955978510305,0.175519521878295,0.169429016016699,0.169100888448572,0.157953134642658,0.149802238413676,0.136686175826433,0.13679113488867,0.136670037182566,0.125261587533344,0.126896825939262,0.123909083317553,0.123993330550583,0.117818498099332,0.121292030616585,0.12131301374992,0.117109793489354,0.118899072709865,0.121966177811662,0.119143641478449,0.117029758635339,0.117579729396708,0.118709760294175,0.117018478418924,0.116354206610715,0.114368260951902,0.111843579657272,0.11504573176973,0.110732834289415,0.109868997504525,0.106991377380471,0.108014141283126,0.107907219642115,0.106489443497217,0.0988261255430198,0.099513643794951,0.099814895966909,0.0908426038508296,0.0870340516083468,0.0811073403086114,0.0822395378762712,0.0719982840301549,0.071484772062887,0.064720152764294,0.0587094537415899,0.0568018738849736,0.0533672872063997,0.0485778893960171,0.0449723991254405,0.0407153341005195,0.0392271280626722,0.0345972064044829,0.0332892199650921,0.0268546001566547,0.0259937515031196,0.0237694133990741,0.0207128122690539,0.0200541225074185,0.015983125485534,NA,NA,NA,NA,NA,NA,NA,NA,NA,NA,NA,NA
476.285,NA,NA,NA,0.25963623479394,0.236768333579275,0.235451408055983,0.206872167930798,0.21116878077603,0.194800295572182,0.186609732662095,0.178845382366271,0.170589762058162,0.166715752841216,0.154705033772739,0.149828617693804,0.139719744258698,0.136064365744943,0.13046166161844,0.130068999364761,0.131078950923703,0.128119870095231,0.125613091160542,0.124475931566188,0.120491921976626,0.119806391829302,0.119697909380548,0.122298821542184,0.122551735118387,0.120010731306361,0.121441346884641,0.119951595489433,0.118532061116245,0.119377459319563,0.115054360969406,0.116873496573936,0.112866266641753,0.116715563843596,0.112807501588541,0.11235227774897,0.108938780391951,0.108532756546713,0.106818740832788,0.104994322699629,0.100924365825171,0.097742239144465,0.0905159236355676,0.0873929268627192,0.0851967338903378,0.0821291773700085,0.0778985330863165,0.0725050723483912,0.0676034432730865,0.0640895556284776,0.0615989297168241,0.0605079942662241,0.0532695845663917,0.0497085135113055,0.0439320926327579,0.0412946900216343,0.0400400310228948,0.0351918355494461,0.0330243160436475,0.0309413072998426,0.028307349447075,0.0266445056781588,0.0220600200437968,0.0203534041098176,0.0179941179098906,NA,NA,NA,NA,NA,NA,NA,NA,NA,NA,NA
477.945,NA,NA,NA,0.257062021787683,0.230204893339553,0.225300414560207,0.217099208908018,0.203898994493126,0.190195742426721,0.176000101142764,0.174615459107743,0.161138904071757,0.156338538614506,0.153416449665055,0.138700919159882,0.137127345821515,0.1296699315075,0.1254017048913,0.12548986009915,0.120451351208217,0.124324191056411,0.122019886286411,0.119517984402083,0.116828585537079,0.114484388245713,0.117128730074532,0.115955308487912,0.115113414899097,0.116493903640511,0.117424445194141,0.116278637111916,0.115077544374203,0.115258362229396,0.112353245660272,0.112378194281294,0.111390169398108,0.110233407226557,0.108100439728034,0.107883916971727,0.107620071414685,0.103330130935338,0.101247928584277,0.100805276808329,0.0962568140095086,0.0949914899246244,0.089311449070856,0.0906587577357168,0.0821650867376345,0.0808789752000533,0.0754090734699862,0.0709053870796369,0.0665040848058641,0.0643235801433716,0.0590814526549635,0.0545191589451389,0.0518247134987345,0.0473570054247931,0.0443573263012021,0.0403796264291541,0.036684195459671,0.0351232352966,0.0315489649118747,0.0292973756340545,0.0269010474772826,0.0234497681493005,0.0189664049925149,0.0188792125408783,0.0169632812018647,0.0148173331361101,NA,NA,NA,NA,NA,NA,NA,NA,NA,NA
479.605,NA,NA,NA,0.223911435202811,0.222246814451744,0.216936622830134,0.206155704278877,0.189742646492623,0.184007774327232,0.17544210240497,0.169253518817934,0.157442792981151,0.15633761854923,0.138950674970212,0.143819244188165,0.134522497129223,0.129192663341111,0.123368815802355,0.121493191985735,0.118984815113362,0.120713642410505,0.118874299106331,0.114619819366947,0.116316010602334,0.110624287579252,0.113289057127415,0.113342251864607,0.112710397606368,0.112892949353049,0.112490823194845,0.111980396450208,0.111555263289436,0.111846369056862,0.112583380083461,0.107613183486217,0.107086007596465,0.105505249895297,0.106137508441807,0.101937974090335,0.101278364015686,0.102275140506885,0.101937841243628,0.0987804624047051,0.095280831484802,0.0903961730173594,0.0905243373280456,0.0865210879815303,0.0805081819087833,0.0770877038897866,0.0728186648697941,0.0705658133387334,0.0652690689837232,0.061996050072563,0.0604739298678087,0.0501425935282864,0.0499624237917151,0.0477463480841985,0.043995299461431,0.0411436983931182,0.0364331922996044,0.0337169873993097,0.0286682332917236,0.0285823806574667,0.0265155135807811,0.0220637557680302,0.0193897551925469,0.0180071466851751,0.0174201524090679,0.0158036750693776,NA,NA,NA,NA,NA,NA,NA,NA,NA,NA
481.265,NA,NA,NA,NA,0.228038874840632,0.211611899566938,0.208849274679584,0.195463013786453,0.179816665844186,0.174059489799504,0.172639106398186,0.15791987116489,0.145848596233488,0.152835044329921,0.141538004316644,0.134390357635308,0.128621635987059,0.127569994564216,0.122213026020116,0.122043631775333,0.118461914047355,0.113440030617541,0.114307320046678,0.113750015009935,0.11543236207847,0.111334032003874,0.112010864743683,0.113589369374657,0.109900719044927,0.112361088550599,0.113177199841182,0.112655497981829,0.1133154982158,0.108801454400456,0.10740130653429,0.110371793291599,0.107295336485512,0.105328398272777,0.107307612590748,0.10563650417474,0.102624321136281,0.0985758574633457,0.0979717747396061,0.093368056110786,0.0946743814311313,0.0854264804035829,0.0845851927216837,0.0829019298330597,0.0787999936036594,0.0755450089130053,0.0665222211394335,0.0682023616429609,0.0615665149329725,0.061097517305669,0.0533923646115194,0.0544634759201068,0.0491685623019794,0.0443790828079949,0.0408937975496717,0.0363725692436079,0.0329278414115748,0.0339650658544659,0.0296558471482461,0.0278242460730273,0.0247030703765047,0.0215082059749749,0.0185633165983453,0.0171515827410005,0.0144010865717659,0.0155345504667222,NA,NA,NA,NA,NA,NA,NA,NA,NA
482.926,NA,NA,NA,NA,0.214263261538126,0.208722074306962,0.196805520126621,0.184664391568544,0.181088719999496,0.175552341274604,0.166571104735681,0.161372573328137,0.155690009261768,0.144456749536372,0.133793659120808,0.134611592770432,0.128683785887719,0.124619224716733,0.121463731860054,0.119225712020095,0.116359597452654,0.1158863917913,0.113285587965059,0.110834071334128,0.113310011282929,0.113664861454411,0.111794239933708,0.11082965771936,0.109123078438426,0.107304539332178,0.108204408213326,0.109785785634817,0.109887232187195,0.109298928676986,0.108350354269019,0.107639023496596,0.106916980371234,0.104541961520709,0.105535368264736,0.101610730117317,0.103220656880724,0.0979118024298694,0.0980352497500544,0.0961142045064727,0.0928582697580256,0.0904662570274676,0.0881602997111347,0.0815802367748475,0.0792667692912568,0.0746268778827157,0.0716162348569327,0.0663165394779636,0.0632070493017401,0.0590247881708693,0.0543124620573346,0.0464556290400785,0.0480755786294629,0.047002089961447,0.0414104570006372,0.0388260764327501,0.0337482149449062,0.0335097873159794,0.0316803547522162,0.0289454578381552,0.0222694000217998,0.0219062000950646,0.0192541269688108,0.0190318282389627,0.0168869648832594,0.0135901526268538,NA,NA,NA,NA,NA,NA,NA,NA,NA
484.587,NA,NA,NA,NA,0.225066481792322,0.213186952199973,0.198674800145575,0.189287977369788,0.185587698499219,0.177235533649069,0.166366943510008,0.164463038423893,0.156034488785334,0.142805084431801,0.137640461216045,0.133767634308529,0.126681585179716,0.122874157187992,0.123522650191377,0.115127859590976,0.113017644083315,0.116272908219145,0.11206423322448,0.110490097342562,0.108665396932562,0.105269918125942,0.109356613307927,0.107576157792526,0.109370416259009,0.107833086169644,0.106642843372665,0.108149719430685,0.108257555329898,0.109264477916513,0.106894480732493,0.106465069023394,0.10342740790164,0.102161486138853,0.102602836258446,0.103544057930799,0.102540347966228,0.0983469406446041,0.0975168561470488,0.0948169371994168,0.0941638191520115,0.0872004367226567,0.0845460278658631,0.0812811634840759,0.0783256885664676,0.0727915593449513,0.0712805085582198,0.0694380173711368,0.063876863302326,0.0570333947648436,0.0558386797556667,0.0498072667509745,0.0485194111682064,0.0480476707115247,0.0445876309775016,0.0408486125186654,0.0375071826154942,0.0353401697201515,0.0302605820630878,0.0263355804636956,0.025966782265677,0.0225051849011045,0.0212163367327188,0.0180205921621404,0.0172649323979807,0.0134601858468984,0.0127094813279595,NA,NA,NA,NA,NA,NA,NA,NA
486.249,NA,NA,NA,NA,NA,0.22460160066841,0.196212791012563,0.186290777548999,0.178469605379723,0.17589986690069,0.163193231748669,0.157923174942846,0.148089636037007,0.14572516786523,0.13424124669355,0.130974120973924,0.121474887518937,0.121117680470765,0.116196441033474,0.115368784651141,0.113249425046836,0.107477752118949,0.110574657042083,0.109387093353947,0.10887690807966,0.10929166667246,0.106218058444378,0.104980458727216,0.109644131636224,0.106279006225901,0.10833274594805,0.104923610262677,0.103527853534969,0.106034759751298,0.104993315218153,0.105669617529494,0.102141755262516,0.0979456440362155,0.101787677007946,0.100302509299642,0.100571422950604,0.0972880254043127,0.0946317273700837,0.0936079245643134,0.0912926076518857,0.0887461548684451,0.084871064483864,0.0787389446840779,0.077082150084002,0.0735269967237412,0.0705092845674161,0.0642583854991949,0.0614512287279096,0.060476997376365,0.0555741854467616,0.0513609195542713,0.0509853991468266,0.0472168420646091,0.0411678007271649,0.041655225603286,0.0387601767801608,0.0335729312309621,0.0286391407437205,0.0262142189582625,0.025273373341393,0.021283992667266,0.0188666559065887,0.0193612093601096,0.0179370242329751,0.0166438282435209,0.0153258916468039,0.0106802360021758,NA,NA,NA,NA,NA,NA,NA
487.911,NA,NA,NA,NA,NA,0.201908384357267,0.210147736441097,0.197537758318738,0.179086937318449,0.167953404468372,0.163661712981574,0.158647693662854,0.153115332105519,0.146304551500072,0.134775469809824,0.13179867001685,0.124387311918396,0.125762911092126,0.115946010201049,0.115392497540763,0.112384598931769,0.114410163577447,0.112569331601478,0.10990428741314,0.10961478361829,0.10899741174157,0.106903860126606,0.107289809003026,0.106718359703619,0.105937679911458,0.104780608870811,0.10394473949277,0.104440502884697,0.105337789584729,0.10342947116803,0.102870286520997,0.103257349498857,0.100814064423867,0.102634540456722,0.0997404914501381,0.0970272243152559,0.0970046127347982,0.0961484877306982,0.0943926546590102,0.091636905190362,0.0867438163288139,0.0811827798236137,0.080418449479167,0.0809015637827458,0.0750123227036084,0.0726248105692404,0.0673205877152752,0.062219529261073,0.058701239601485,0.0597372574499047,0.0527563043336561,0.0478880008821367,0.0463476701150628,0.0426579442454349,0.0391243719234813,0.0380746819561327,0.0358164190240001,0.0347847871604547,0.0307818583012216,0.0250808264847926,0.0262005028114748,0.0234827885569268,0.0205429928689906,0.0177051682159961,0.0148302534188644,0.0136495973765228,0.0125864178432893,NA,NA,NA,NA,NA,NA,NA
489.573,NA,NA,NA,NA,NA,0.190754100613774,0.199713754767764,0.185575066134734,0.173773790131404,0.164939616244998,0.153916930102984,0.150138568050881,0.147423243790867,0.140050248328192,0.132494908361502,0.131523254612899,0.126110835911123,0.11539238120681,0.112809972157282,0.113447504820667,0.109452430029855,0.105789330250699,0.106480680509775,0.105383475199103,0.103110401643102,0.103419223302906,0.101356016510506,0.104978170285152,0.104002413412611,0.101180970359137,0.105417662646128,0.104765895205549,0.102143659396861,0.101625109391363,0.101500597497207,0.0990221868428668,0.0980157086653078,0.0968667465719167,0.0977224980521162,0.0978724775262896,0.0964491134638828,0.0917334569307959,0.0911900112301984,0.0920447298570743,0.0863798639602065,0.0839620343308854,0.0811759941194335,0.0796899339189126,0.072964120224189,0.0723622549861915,0.0677960963330479,0.069504078229282,0.0619093650963245,0.0550590285979735,0.0561235994864099,0.0513912263278253,0.0467131892193426,0.0464236130520336,0.0427149677470497,0.0400974846981303,0.037692494185254,0.0318858181147737,0.0295235591248189,0.0267512743143395,0.0255714279612005,0.0234553332255127,0.0208460777130095,0.0169168557287931,0.0157882218286489,0.0162898348635282,0.0121256328163245,0.0113674977608933,0.0115417236805548,NA,NA,NA,NA,NA,NA
491.236,NA,NA,NA,NA,NA,0.186076830391497,0.182157501496314,0.176740048728206,0.170562453052449,0.166762914817949,0.164158165834188,0.147348102796698,0.140348945718221,0.141848849605397,0.129323527769764,0.124546875103039,0.12020977595674,0.115308424536311,0.11204653027763,0.113262175141255,0.109414253942273,0.104854535618624,0.103370464651853,0.105471345947939,0.104717328516164,0.102268502853365,0.0995070654120558,0.103022972246248,0.102328138860656,0.103329441401348,0.10040118496652,0.10290448607925,0.102172334747639,0.100612389010141,0.0983777818520807,0.100286123636205,0.0979350339661385,0.0949185184998084,0.0965272389506544,0.0968500755995052,0.0955217198450666,0.0942092364812753,0.0920076651741424,0.0872148526104241,0.088303186429678,0.0871420144677963,0.0813200039981701,0.0790943231774329,0.0787872600570033,0.0714437688556293,0.0676273123136355,0.065147249976138,0.0646505970694787,0.0581694710413743,0.0534717933112758,0.0492488217803226,0.0483243908907941,0.0442581581992112,0.0440856204294121,0.0419487631004316,0.0393787691091982,0.0360832890262589,0.0307723294330091,0.0290641226216109,0.0287561525661534,0.022301696348016,0.0219822372540323,0.0204482216168555,0.0176182046017414,0.0180254247990125,0.0142548750985422,0.0132291598485166,0.0122705769275406,NA,NA,NA,NA,NA,NA
492.899,NA,NA,NA,NA,NA,NA,0.194684704156849,0.182940441652861,0.180083977159519,0.168220671793846,0.156501080668519,0.154938993296234,0.143063502309179,0.141096784640686,0.132925853135317,0.129318786667943,0.122987074253647,0.118228426117316,0.115388597646326,0.111813831508878,0.104902085280381,0.107518999476988,0.103134470310711,0.102232241405483,0.102148022600333,0.103513761146392,0.102856002884935,0.0999092163530708,0.09962934039338,0.100515667926498,0.100680823261733,0.0987353741427159,0.0987588777611868,0.100605844318676,0.0989557660098738,0.096350185050821,0.095319071445402,0.0987338616371508,0.0969372228284018,0.0952409542487426,0.0931439024866439,0.0921282595079038,0.093509226618357,0.0890774100361039,0.0887621504972785,0.083226223461862,0.0805386148985655,0.0796151063039166,0.0749733768456772,0.0703625373234322,0.0672979822589706,0.0667817063317394,0.0584064243044589,0.0559706016894619,0.0554647693604536,0.0513709292367497,0.0491678560701373,0.0434701277902314,0.044973395588644,0.0413728273527172,0.039639465671702,0.0331521772044522,0.033279084932743,0.0268062448159807,0.029404539884312,0.025401995565574,0.021851430178774,0.02149058478999,0.0191281075571728,0.0165657672770954,0.0157102960906748,0.0144560189340578,0.0118415994278498,0.0111594562276128,NA,NA,NA,NA,NA
494.562,NA,NA,NA,NA,NA,NA,0.185524038223249,0.178351793057534,0.169652002044454,0.163623022840096,0.153609858865156,0.14912532475632,0.135509603956272,0.132151791936477,0.126074232483081,0.126122180165399,0.120755574513982,0.114373568712563,0.109216021878934,0.106691045313227,0.105973076532657,0.105538152418182,0.10305105665223,0.104056654360156,0.102876699072688,0.0999283378902534,0.0984471548394941,0.0975390116368437,0.0992312379861805,0.0992469724424107,0.100572091909488,0.0995770302750959,0.0962021897778978,0.0979384470487601,0.0963726721095872,0.0942478881362054,0.0914628910015466,0.0911065920817775,0.0963314112710447,0.0922076386615983,0.0897838720722862,0.0897475136089904,0.0895980396507687,0.0881319476302589,0.0854975365680837,0.0823874400254687,0.0790924801440885,0.078491810314142,0.0746962025069185,0.0737399277424887,0.0686775839466575,0.0641691999394247,0.0607022894687881,0.0579900549153444,0.0547144884536274,0.0503032650201175,0.0492949553887333,0.0447274366093528,0.0424023812580549,0.042303679074776,0.0370979556304048,0.0352850801588624,0.0312386260811937,0.0312966713762714,0.0274009487629914,0.0280151282976937,0.0238386497800051,0.0218340393090727,0.0175666052836064,0.0170118994777944,0.0156007152958412,0.0132614573017916,0.0122320785244223,0.00935440156944694,NA,NA,NA,NA,NA
496.226,NA,NA,NA,NA,NA,NA,0.187974831344195,0.178787981106597,0.172300638564394,0.161039895069051,0.155645517749177,0.151905146798644,0.133998136567022,0.136912008026395,0.127528921485749,0.122889789414745,0.120180325509332,0.113539913936886,0.106623168369444,0.104197708814574,0.104728061031924,0.104193464465293,0.102105132596366,0.100736576624503,0.100340898161501,0.097485939908359,0.0983675933947522,0.0989194239277828,0.0957846882980091,0.0968707936981702,0.0952792517536813,0.0975337046980398,0.0982219551726419,0.0963745379453532,0.0958596640939713,0.0949572060378142,0.0934341940229447,0.0918425464210888,0.0926984136109097,0.0909329444253223,0.0899176696575776,0.0915647960435953,0.0875043452953084,0.0875238835271085,0.0850894224551608,0.0842188380116104,0.081795849970697,0.0756276681039621,0.0744765308820681,0.0718786694808825,0.0671890732256839,0.0622573064218329,0.0580481984144389,0.059746880134078,0.0553718421859794,0.052852906978431,0.0458023465118255,0.0454548616451135,0.0438760931928869,0.0398506755484481,0.040045726452142,0.036925821386253,0.0343624644014367,0.0316560196920973,0.0302750305727251,0.0254654227932348,0.0248089332159225,0.0207732844369439,0.0185877966658496,0.0190151547842301,0.015992846161028,0.0141400685861146,0.0129275990338695,0.0110748164161436,0.00994283284824492,NA,NA,NA,NA
497.89,NA,NA,NA,NA,NA,NA,0.163704635341651,0.162892391044989,0.157947053836243,0.159599352753379,0.145795767978729,0.14483736407174,0.139021372866061,0.128015091588407,0.126084961446028,0.120269343312618,0.118495965103955,0.110927746090509,0.107728933637876,0.106327614562509,0.103700363965041,0.0994223910173618,0.101377079092334,0.0996642815087529,0.0951925900235779,0.0953513838759117,0.0937471292219159,0.0960433912158606,0.0949091538555969,0.0949583189241048,0.0952131520799943,0.0960474831892077,0.0910724790928279,0.0957380366894386,0.0921646936819155,0.0915451262077334,0.091621915395082,0.0905840172301379,0.0909236356325901,0.0902471143536512,0.0884911230881342,0.087390191876829,0.0844217047915373,0.0820914755689632,0.0812247343099957,0.0778017995469509,0.0758638184250093,0.0744001450131028,0.0712203465600319,0.0684463452614429,0.0665080713075963,0.05985191618873,0.0624103236543961,0.054345620942557,0.0508312261746759,0.051107231065872,0.0477828277094155,0.0465500250753007,0.042906039528063,0.0403112894291149,0.0382725821772564,0.0351920144192452,0.0310431480099154,0.028541097838515,0.0283652857829133,0.0220418477668672,0.0217351191701096,0.0217695118841731,0.0186132356915984,0.0170379488371849,0.0159355767765533,0.015690362067245,0.0126674686415718,0.0112857770612711,0.0103492917680356,0.00922546157969977,NA,NA,NA
499.554,NA,NA,NA,NA,NA,NA,NA,0.167504767962169,0.166860962228967,0.160879425881826,0.149205049105035,0.146538022032863,0.139653788768606,0.136254422423679,0.130147921723975,0.12055783443682,0.116931061001284,0.110170738989427,0.108114303813127,0.105631578193685,0.101858391049825,0.101272306882788,0.0998731586982911,0.0961439312917171,0.097271626617997,0.0950985608513976,0.0941489615492005,0.0907412722293975,0.0952822123662528,0.093871185480125,0.0934721772141991,0.0929921256960927,0.0927513043467097,0.0923111469884047,0.0901419990399109,0.0906623738596572,0.0929393133577385,0.0881198107054962,0.0917965387705363,0.0899075107262124,0.0921704887065197,0.0895647203088661,0.0870579344728664,0.0834772024305286,0.0841815598584437,0.0820473621475731,0.074222825693605,0.0759366997292193,0.0752871383705642,0.0676638344303224,0.0649699862264294,0.0639965882353907,0.0571615139359304,0.0581944950536585,0.0528647515222142,0.0520584604483879,0.0494663190346762,0.0455945414051286,0.040108730687206,0.0414473301303821,0.0405755330862024,0.0384622875549151,0.0380630213808615,0.0343681674618157,0.0262925305352343,0.0286103322149253,0.0254749850484677,0.0226350985866381,0.021155493995105,0.0183113028658744,0.0160848672113975,0.0144456154667249,0.0134937517474208,0.012008293283551,0.0100066729689814,0.0115285761876049,NA,NA,NA
501.219,NA,NA,NA,NA,NA,NA,NA,0.16405963725468,0.144034130160808,0.142759542989243,0.140767483668683,0.1323869124854,0.130459175189272,0.122896396062504,0.117511939486143,0.111260600050377,0.112488273472616,0.10943504457964,0.100094029053239,0.0958123907989525,0.0977284677559147,0.0954837870964581,0.0928633492982679,0.0934845349885881,0.0903568093713221,0.0903461233394607,0.0866879012100264,0.0897733971437966,0.089664187218607,0.0901500930278854,0.0917968005356316,0.0889784337058819,0.0884561539024759,0.088005196033329,0.0864943548499234,0.0872747720883574,0.0850042901561559,0.0861155302411368,0.0873963103730688,0.0846289827317478,0.0839226481128116,0.0808898038856097,0.0823614037703341,0.0809871136783156,0.0783420480121869,0.076117256751279,0.0711322304700716,0.0724918544658364,0.0666771719559611,0.0674891786819855,0.0642927283073549,0.056834381983984,0.0560816436051456,0.0507329417452552,0.0522107587057049,0.0473388535765467,0.0445888785519428,0.041928430672433,0.0397000767440933,0.0373518948894006,0.0347801451337303,0.0345838422042961,0.0311593872105201,0.0272865452399138,0.0270210735094341,0.0246432141630602,0.019533870417804,0.0199638680828745,0.0177091293204958,0.016988022337617,0.014884726723994,0.0146970535757074,0.0135267709855815,0.0106591105774942,0.0103149916854781,0.00900995439703457,0.00667730616795946,NA,NA
502.884,NA,NA,NA,NA,NA,NA,NA,0.160706074209605,0.157838731586576,0.153880831925333,0.143637165227394,0.13741688655191,0.130896765827198,0.125074006054408,0.118235249569759,0.115335503070904,0.108525632611451,0.105248869713574,0.102581075554395,0.0992567159204955,0.0977330788655969,0.0967450391965791,0.0944722865021146,0.0940848387369102,0.0929263927488181,0.0920375002587625,0.0902397139294834,0.0874059549593784,0.0869902609506005,0.0890959117582799,0.0892401470914991,0.0884292396602773,0.0886483434886791,0.0858394942462727,0.0853508359342746,0.0861164373567952,0.0873217341802066,0.0841781133454519,0.0855106801823132,0.0821100478091585,0.0845548804398412,0.0829738895749422,0.0821624885484126,0.0802281931958701,0.0804366741678956,0.0781381135655495,0.0736775499949822,0.0721412984698244,0.0702627623033405,0.0633463658758788,0.0607513313741982,0.0598124966926201,0.0603493413419516,0.0556546940574939,0.0514475790867023,0.0457750518351305,0.0463988052031405,0.0438020802359154,0.040528179950256,0.0402483598058346,0.0361661289948592,0.0368789378702091,0.0348007257801838,0.0312338437345266,0.0275830111984762,0.0251990877690992,0.0235913475811425,0.0218015984971257,0.0194035598816293,0.0178641491301792,0.0171987131379721,0.015061490641763,0.0131120676941279,0.0112520120544555,0.0119882020129838,0.0096470033060562,0.00699858931259658,NA,NA
504.549,NA,NA,NA,NA,NA,NA,NA,NA,0.165024612500089,0.156237442100015,0.14508219637058,0.140109265447672,0.130620580862021,0.128102531151602,0.121848890214564,0.114567481786677,0.111451649590986,0.109593218325773,0.105070150550214,0.100458022316217,0.0976098469983773,0.093988987633972,0.0934929755947818,0.0907446359507837,0.0918767175041481,0.0905560333715235,0.0903233060601593,0.0912796450246138,0.0885324732740001,0.090283411836501,0.0883313736448122,0.0881727502719678,0.089054161467111,0.088133827816797,0.0862596730187425,0.0874222262895432,0.084861339589853,0.0857023201907666,0.0845922170394278,0.0850063565956055,0.082376821559815,0.0820356340827752,0.0837487460054109,0.0805688370985053,0.0778235235043503,0.0793947338240543,0.0753508639900022,0.0716158061130785,0.0698683783860035,0.0659773280778665,0.0656824260216441,0.0641058069228934,0.0559909981904392,0.0570198879745238,0.0548081655273264,0.0523178234785864,0.0481302757738817,0.0465317951707358,0.0442823898481751,0.0430843271531184,0.0416073443477481,0.0380472621763019,0.0387659882393105,0.030753210280082,0.0335028766560535,0.0303101257387446,0.0256269072353814,0.0237309348092287,0.0229580696597945,0.0213703814925436,0.0171323777324631,0.016308101037965,0.0153302635372419,0.0134370731410558,0.0125801047027522,0.0120581513384747,0.0107211174192766,0.0111541349734443,NA
506.215,NA,NA,NA,NA,NA,NA,NA,NA,0.147294421671984,0.142290223705464,0.145397892246025,0.134890819374384,0.12227731100559,0.123770003364942,0.119865902150798,0.114037716086638,0.104575081352408,0.10393444102333,0.0985754297582132,0.0972539024011209,0.0961544210347594,0.0915869959433907,0.0916216502412453,0.088432998780829,0.0908932326264552,0.0890607762861059,0.0900559521956571,0.0863993687939892,0.0857090974360631,0.0853311546061586,0.0855338094600199,0.0842671725716665,0.0838541325675966,0.0842354572536982,0.0833770189426346,0.0828022646690949,0.0848186595229718,0.0817526812766994,0.0823667841444239,0.0832680021736651,0.0839772194480229,0.080434658150446,0.078423376373504,0.0790252678900043,0.0758321081762138,0.0774792814564965,0.0716549151551531,0.0698241724013939,0.067533238724312,0.0651112938070721,0.058648090783489,0.0561228906654507,0.0580254560558239,0.0587802619038714,0.0542045386627845,0.0506670688084793,0.0466963454842056,0.0446916088801226,0.0433860436055468,0.0409699002524656,0.0385352068668768,0.0365604642716435,0.0346940616678364,0.0320734457375925,0.0304895094901652,0.0271514413821444,0.0269614322856909,0.0237833553757996,0.0217357432173859,0.0205404065346711,0.0181760024953658,0.0173639509683526,0.0153718049608928,0.0140687814808883,0.0125615271257556,0.011613632068462,0.00903227483837742,0.00985826118610916,0.00792318645901464
507.881,NA,NA,NA,NA,NA,NA,NA,NA,0.153445830235021,0.148557747434306,0.135184695037096,0.140497311801477,0.124377786435104,0.123039116710598,0.116695067866971,0.108214891679251,0.104415735398026,0.10232615513258,0.0982741319619624,0.0953766964069023,0.0919054335619624,0.0908024664259868,0.087092749887709,0.0881554715639576,0.0842437582663485,0.0849806138558376,0.0823997366197751,0.0850820069170289,0.0866809229093752,0.0868380005164633,0.0838108219585845,0.0840586803725799,0.0857874181750671,0.0818745830326058,0.0812081116822317,0.0825127771112111,0.0812001583333361,0.0787963481936058,0.0804238046711721,0.079680455157743,0.0785210011034965,0.0782214004614996,0.0760797777877652,0.0753542448878092,0.0731039206381674,0.0707102710844597,0.0727340845304701,0.0703635978434499,0.064196174941228,0.0644921774232427,0.0633071510246017,0.0605517178871038,0.0562355964290624,0.0533093378959088,0.0507308831238361,0.0473937116858032,0.044080843062562,0.043710273164869,0.0436430893909135,0.0405418906774922,0.0378062712750785,0.0393216564553172,0.0346931283737794,0.0336002197035343,0.0296236564612887,0.0282002715470772,0.0232150789119164,0.0228809199261765,0.0216105634403145,0.0194733347206726,0.0195177293638311,0.0161836140148743,0.0139849888804398,0.0140501537071336,0.0126150158203771,0.0121819089060085,0.00989635720929231,0.00920883032307068,0.0080870408016711
509.548,NA,NA,NA,NA,NA,NA,NA,NA,0.141273556397423,0.12881739084653,0.133703364249364,0.127312425568015,0.124929910238764,0.116314619969083,0.112878374282361,0.104712993217524,0.103540637310166,0.0953605525667291,0.0943445701200638,0.0926491010601288,0.0857111419222083,0.0904581451517747,0.0865125647161348,0.0855674563237615,0.0863376908297858,0.0818806844971534,0.0809182095160577,0.0826243151693862,0.0804874051882093,0.0823368140172647,0.0810689028107652,0.0810531001112676,0.0798995696432277,0.076825220631534,0.0791277378573263,0.0784358517639537,0.0761347642183101,0.0787773414391272,0.0769969223405884,0.0773916930630931,0.0757988041440574,0.0737066145695084,0.075778704267619,0.076121270152072,0.0729147432515005,0.0704186154815466,0.0682018102789915,0.0666234145298746,0.0700267630300313,0.0612219724521624,0.059031347590032,0.0583489429399506,0.0574205801721125,0.0481877809931557,0.0484587487516365,0.0460826192913817,0.0441872532038076,0.0440029292698693,0.0406812085194758,0.0370043410196262,0.0362756601435963,0.0354481786605443,0.0328013917364342,0.0310878080951027,0.0270681996403937,0.0238493028905912,0.0224181402707897,0.0217813381764184,0.0202176628935615,0.0188721852369904,0.0189351262563207,0.0180065274121692,0.0166031713996096,0.0123913492114588,0.0129043797182294,0.0113086992794207,0.0101277809385458,0.00967837467729534,0.00607617666576526
511.214,NA,NA,NA,NA,NA,NA,NA,NA,NA,0.142342682127669,0.133965184211636,0.127789730520958,0.119255656278979,0.114545597238032,0.111807160711432,0.110633418844758,0.104566411072645,0.101603665447687,0.0952699926653351,0.0903922435255139,0.0892260340429032,0.0885653871534914,0.0840630439455499,0.0835199405002277,0.0848034482186117,0.0826337371899916,0.0788732141808039,0.0789389353552795,0.0805621890492755,0.0826914744539462,0.0801906053317839,0.0782335753765532,0.081165722654579,0.0786593782597073,0.0769483199638151,0.075217734286157,0.0752557646343317,0.0763456433733968,0.0777494412783755,0.0772638830220736,0.0800089693965817,0.0768678735448313,0.0733500639396035,0.0738584834682432,0.0720206255135196,0.0716051662491331,0.0665890635076094,0.0675499276293512,0.0609596899581277,0.0626886475694612,0.0580137322894765,0.0607464554338909,0.0552705294734753,0.0543286276689929,0.0518426735958196,0.0490381245508486,0.0448463559120912,0.0422528631869705,0.0422952012867636,0.0396216753038587,0.0359594180838198,0.0335977775185788,0.0348375821178906,0.0338119410825647,0.029396042070825,0.0286509235333277,0.0251471905547452,0.0232979737389426,0.0233853957187118,0.0202030211795308,0.0190809199128688,0.0157067547618089,0.0169384172088954,0.0142040037411844,0.0132752221311091,0.0131757043890634,0.0101005354286978,0.0096156866942151,NA
512.881,NA,NA,NA,NA,NA,NA,NA,NA,NA,0.133139924735946,0.125054566895569,0.128852588017291,0.119981532119574,0.115947888657122,0.106056559412212,0.104881040233066,0.102938388519926,0.0957907287087702,0.0904034285067043,0.0917338663486551,0.0869776519417052,0.0861141594240678,0.0849343810069303,0.0809544286801647,0.0806878329659769,0.0816505204404204,0.0794191050696939,0.0816922389454907,0.0779299497058878,0.0782284446795764,0.078528219797714,0.0774099539406737,0.0759818384712678,0.0788564247135052,0.0761238603279284,0.0771263536023445,0.0742268013874967,0.0727095287634038,0.0746461206192784,0.0751012337599446,0.0755804257837671,0.0722741617684023,0.0734797923376671,0.0731346158975077,0.0707504966249459,0.0642432989894316,0.0665147671915731,0.064997958232344,0.0634564346489224,0.0596523273837931,0.0560837359639203,0.0548210888476031,0.0520525016015039,0.0502153632407623,0.0478848582940127,0.0477942801072293,0.0486774348398919,0.0430204686287659,0.0391001741411562,0.0406892489374155,0.0356105207050586,0.0342526561929755,0.0296062501183286,0.0296598887135825,0.029701249119953,0.0265399057998197,0.0249070566646521,0.0232653921142782,0.0206040145411982,0.0204140839230371,0.0180721801076642,0.0172640579959244,0.0163755864275051,0.0138641663352108,0.0131941334283504,0.0140862205425326,0.0113830927667229,NA,NA
514.549,NA,NA,NA,NA,NA,NA,NA,NA,NA,0.127889900025161,0.129265798385355,0.122241584360585,0.121149618347329,0.108663203728744,0.111084362051359,0.105812253084048,0.101113783303742,0.0970555864199655,0.0891499022515363,0.0879152855078722,0.0859404687750169,0.0872199886334233,0.084084344605562,0.084131386464181,0.0798678765209412,0.0772140792638513,0.0779453591937895,0.0781637834594748,0.0767883925660245,0.075606044033138,0.0797010258445518,0.0749386993500686,0.0757458883921393,0.076760883626067,0.0749412281055319,0.0756446310686104,0.07349436176699,0.0761110351921647,0.0747474715432998,0.073610540332084,0.0738679957669831,0.0723657226777055,0.072319567009372,0.0738751097877108,0.0696376300449164,0.0639620058931257,0.0664536515283812,0.0633606465398401,0.0606648003983526,0.0612679240176136,0.0553140729526532,0.0542603637579982,0.0525369710403976,0.0525222528375902,0.0489706300504844,0.0465681863358904,0.0482160638563871,0.0424844731895122,0.0399755862733379,0.0378123119942194,0.0364964256616825,0.0335272874348359,0.0315783280315856,0.0317377039356168,0.0346686724188088,0.0242152382064246,0.0237456113026855,0.0223264552761704,0.0226232660937158,0.019711795681238,0.0199788830371177,0.0175532168048311,0.0164436937080474,0.0154828769797447,0.0147838879917441,NA,NA,NA,NA
516.217,NA,NA,NA,NA,NA,NA,NA,NA,NA,NA,0.123919194123677,0.118417386145279,0.116102665323754,0.111429439947987,0.105710815559828,0.0991229954812899,0.0957829373259194,0.096049003906421,0.0891319453545704,0.0860780112551712,0.08401958140489,0.0855089176175241,0.0819065226625151,0.0777184425456585,0.0800059995400716,0.0765598962065955,0.0756399140979191,0.077310361631587,0.0764701986594662,0.0740641377449666,0.0715951583697374,0.0782265989044114,0.0739713961667303,0.0751927744292638,0.0719124593678629,0.0736599364531159,0.0727161000205165,0.0698918209543321,0.0721608866122823,0.073672164578834,0.0737275937352968,0.0708440522123049,0.0707476967427554,0.0711927553338675,0.0649034346788767,0.067574381802562,0.0674137508023425,0.0643264551316346,0.0596344038498835,0.0604791273360925,0.0539723355215615,0.0548213575201548,0.0504101893600047,0.0518657511284826,0.0487018822226099,0.0473945673175523,0.0436290354954993,0.0435222624359359,0.0401709715074062,0.0382043603249043,0.0370967458420001,0.036769116491424,0.0314987193884839,0.0305993460041004,0.0283249590561584,0.029712028348409,0.0254110514897543,0.0244078984193241,0.0227861125902572,0.0213693147933954,0.0182833925940123,0.0183360082253368,0.0157421506677335,0.0141562401466366,NA,NA,NA,NA,NA
517.885,NA,NA,NA,NA,NA,NA,NA,NA,NA,NA,0.133975684929295,0.12449082526194,0.122637194424711,0.117118736502798,0.11320225636752,0.106501957017419,0.1004162213036,0.094963994992941,0.0944415911505391,0.0902585745386599,0.086278051044134,0.0864640375765506,0.0826980192184463,0.0859466928401762,0.0828914331033267,0.0803483067541483,0.0775544169439861,0.0779384755489489,0.0769920456044739,0.07785259951679,0.0777986388601335,0.0780037207229142,0.0741855175347924,0.0764408212026417,0.0744131922737114,0.0766320155941049,0.0759072557707436,0.0747569583952906,0.0741442489151641,0.0733529096442977,0.0765785415715681,0.075820140267825,0.0712339300736452,0.0728736467960208,0.0704195535763397,0.0663434233533567,0.0658992659767098,0.0646390011025719,0.0650139556256599,0.064542259930167,0.0592832893207219,0.0588194410228108,0.0563835214364896,0.0520774869468797,0.0509524300798453,0.0483215898837537,0.0472069874061002,0.0437150090667545,0.0446913390882815,0.0394845020505251,0.0395658824074009,0.0374613808979279,0.0341564708807971,0.0334956812443493,0.0323002933707353,0.0315691001945905,0.0280455259422037,0.0269071475826879,0.0228589173061462,0.022155801051941,0.0204971191416307,0.018825882271899,0.019448737276775,NA,NA,NA,NA,NA,NA
519.553,NA,NA,NA,NA,NA,NA,NA,NA,NA,NA,0.124039272152215,0.117121809524384,0.115556232773464,0.106073300844053,0.106126544935167,0.101684146399505,0.0952932149937502,0.0921524487705779,0.081486905223466,0.0856941058239767,0.0789802827252571,0.0806447615806226,0.0797335752629453,0.0753127404999074,0.0780687330363422,0.0757139081682221,0.0748536627285694,0.0726685288481667,0.0713270717939935,0.0741237712857192,0.0736511994361513,0.073592324615632,0.0713961006306294,0.0739403135826411,0.0712066488121579,0.0691132657908558,0.0692658894208793,0.0719555056246036,0.0701762926431345,0.0699200144642288,0.0683341821119921,0.0677488871680948,0.0681095431793317,0.0683787437539588,0.0650588318904487,0.067177551687403,0.0638325832528543,0.0638008361237392,0.05788661130095,0.0560474250579028,0.0560546985523542,0.0502707851418743,0.0523917902549051,0.0482278843089964,0.0496999390895005,0.0454385741513105,0.0432649532210774,0.0400836983153821,0.0399523509188694,0.0406565784745478,0.0368192726793276,0.0341313341098487,0.0326168546295936,0.0283142500027226,0.0285757932553498,0.027370372870348,0.0252977810101174,0.0236631335427444,0.0220488889381238,0.0198682519349125,0.0188246703962857,0.0178325858094089,NA,NA,NA,NA,NA,NA,NA
521.222,NA,NA,NA,NA,NA,NA,NA,NA,NA,NA,0.125638235054997,0.115769505973524,0.113372672088843,0.108330260372205,0.106075886239644,0.0940456772015316,0.0938893368643818,0.0915725283070465,0.0864922686462986,0.0830229963736809,0.0844625893907199,0.07758713234313,0.0793724444911942,0.0776284042051502,0.0767977933958945,0.0744903379612005,0.0721728090191954,0.0709475909847668,0.0704893479648847,0.0745227668764849,0.073471032470251,0.0729545501022895,0.0710141967103571,0.0700311707755335,0.0695642029902933,0.0670457239134299,0.0674830013620491,0.0694595196470194,0.0668111260638778,0.0687352314156872,0.0670281392591739,0.0668007759229332,0.0690914345755082,0.0643115337030553,0.0661412517214795,0.0638497215160925,0.0628221466406806,0.0595532031973026,0.0586137303634416,0.0572678019275479,0.0536827519287992,0.0562182723533098,0.0503689353249079,0.0498305430579542,0.0494520451555968,0.0456824772220552,0.0422348835508506,0.0431540519517795,0.0399593612140894,0.0390027943333326,0.0364810136454872,0.0351886159401224,0.0330127529921073,0.0303327459724774,0.0311423565370286,0.0289509853798572,0.0272375024583394,0.024936873157318,0.0232637062670276,0.0203528092325736,0.0203882261761963,NA,NA,NA,NA,NA,NA,NA,NA
522.891,NA,NA,NA,NA,NA,NA,NA,NA,NA,NA,NA,0.122093575601483,0.107062659440131,0.104320303660149,0.0990299395182276,0.0977111356613115,0.0908001159098249,0.0923324250792032,0.0832823446971467,0.0808823540097916,0.0770128222685884,0.0782477226074941,0.0770247045026085,0.0752156634289656,0.0738444757112288,0.0725718633119719,0.0719810477840566,0.0738095139537194,0.0720400732741905,0.0718125546525988,0.0713868343384473,0.0677082129793852,0.0706720330270975,0.0674701864501412,0.0696038104555407,0.0690231873912072,0.0677031140933576,0.0675138591957106,0.069361470099846,0.0707275415028918,0.065986999319704,0.0678887049412308,0.0673819298181192,0.0672999055610379,0.0633509740410037,0.0623686560042633,0.0592816180441792,0.0616174765745722,0.0575857742855591,0.0543055855428255,0.0563516854593412,0.0505090232294465,0.0485509902460458,0.0497862167523842,0.0443410849989011,0.0435594119394975,0.0422009722960011,0.0387880228289826,0.0383484499200174,0.0391720535002748,0.0344903440027217,0.0334554505992118,0.0309737177928519,0.0303927923142516,0.0270182930818381,0.0274252649834536,0.0248957168605977,0.0247024872130736,0.022103042758186,0.0220158971992906,NA,NA,NA,NA,NA,NA,NA,NA,NA
524.56,NA,NA,NA,NA,NA,NA,NA,NA,NA,NA,NA,0.107627377052128,0.11179395900049,0.106509330389757,0.100096996073846,0.0935380551598874,0.0951171630666187,0.0880340051575871,0.0846602288610993,0.0809951242338274,0.0780416270124983,0.0782201279686643,0.0747523042139593,0.0724970582688186,0.0732287016490723,0.0704832896263713,0.0709662784657712,0.0674791159818144,0.0706861511366227,0.0698121973273467,0.0683536133935846,0.0686373828475596,0.0678504220323113,0.0689760463014273,0.06570866008175,0.069177334348972,0.0660024439210465,0.0667866379421291,0.0648967722919742,0.0659620770584832,0.067433287090254,0.0656460943122502,0.0652004391548484,0.0614451035088818,0.0579712177337696,0.0598546008414775,0.0603374243292754,0.0582035577757523,0.0574730189575348,0.0543243663448534,0.0522596608869753,0.0493684595537566,0.0494148480894189,0.0477997705523683,0.0445130778715265,0.0444521905720964,0.0418854931994109,0.0394492663972113,0.0393223978727193,0.0343004798239192,0.0351849541993339,0.0348373653949538,0.0323196905024493,0.029513498011186,0.0279073929273301,0.0278265837358468,0.0238684990491376,0.0248587805727017,0.022235032345605,NA,NA,NA,NA,NA,NA,NA,NA,NA,NA
526.23,NA,NA,NA,NA,NA,NA,NA,NA,NA,NA,NA,0.105958075360919,0.111550500843201,0.0989063499290476,0.0964314776860658,0.0939494146715291,0.0869738320867599,0.0838367790978679,0.0816220118907412,0.0791388067407476,0.0813216759309513,0.0739324548937703,0.0742960039098793,0.0704650016043816,0.0696883497127422,0.0687947725289108,0.0697577781826229,0.0653906756323334,0.0688394126634743,0.0677147607895361,0.0655217198775312,0.0661989087668125,0.0658985212734501,0.0664320758163723,0.063466809961603,0.0648810403387657,0.063938580643444,0.0616179877887324,0.0629759551446951,0.0663605844225681,0.0660818809213947,0.0620569450757601,0.0633921647257233,0.0632464492796076,0.0610536662397022,0.0593629564545826,0.0585612266841279,0.0608700305329063,0.0549835977110039,0.0514462914435996,0.050649350390615,0.046814462761979,0.048286439790469,0.0441380820627961,0.0426866454911439,0.0405250525172192,0.03946410898606,0.0384726403247267,0.0370970411947083,0.0380238479437884,0.0342150356103455,0.0329574748052416,0.029777069714415,0.0281510192838208,0.0275118223963957,0.0232838662624466,0.0232886777112414,0.0249127801963394,NA,NA,NA,NA,NA,NA,NA,NA,NA,NA,NA
527.9,NA,NA,NA,NA,NA,NA,NA,NA,NA,NA,NA,0.110748353407465,0.0999615360673337,0.100609935364577,0.102031218724542,0.0929948898516928,0.0899225813004664,0.0835744424904609,0.0823377933442589,0.0779658333997674,0.0776956372779907,0.0744539025311025,0.0725821472056446,0.0704929969227608,0.0711243191039944,0.0672168721369638,0.0669241231718939,0.0687939066031259,0.0655055427235384,0.0642832911346463,0.0669106623992061,0.061801818740894,0.0650052770730361,0.0650599692275712,0.0643017628609261,0.0634211010987908,0.0623733723488258,0.0624072964481375,0.0637890868997652,0.0643171257050661,0.0638008258391377,0.0609446232537837,0.0632014029870903,0.0575083675127645,0.0610955740127119,0.0603301459344937,0.0598125408764036,0.0577058531222762,0.0550046698970856,0.0546425911746361,0.0490619442371735,0.0512072018948404,0.0469015197186004,0.046389018301429,0.0452272225370016,0.0430392206140733,0.0418059797800932,0.0396713344815184,0.0365412222042175,0.0389162262572862,0.0355788877960521,0.0345284378093012,0.0328274340935221,0.0294934247732991,0.0307809231727784,0.0272751015556949,0.0272078912664308,NA,NA,NA,NA,NA,NA,NA,NA,NA,NA,NA,NA
529.57,NA,NA,NA,NA,NA,NA,NA,NA,NA,NA,NA,NA,0.100961980626333,0.098673157035093,0.095054603175987,0.0861176793773705,0.0823956641395719,0.0827927039061525,0.0759356642548044,0.0772307011554009,0.0762026536030678,0.0727615171341953,0.0700704681986725,0.073293211106342,0.0681333892434378,0.0663680845719494,0.0633052249585582,0.0676525938826739,0.0654929671436126,0.0639807516782576,0.0623321333441513,0.0621712557368751,0.0628188202392971,0.061740559472016,0.0605047779652821,0.0600916994140696,0.0611276745847857,0.0613404115328965,0.0619016184859264,0.0583862524346581,0.0611551996855756,0.0617212419479453,0.0610248004698002,0.0600920328789191,0.0581152858118591,0.0587573826959999,0.0523283563720938,0.0548661920425363,0.0523567172778745,0.0532222104523683,0.0513273364428945,0.0491251120676742,0.0486743363587781,0.0441774175518788,0.0453906155296907,0.0425905408530762,0.041714158168183,0.0393759102603878,0.0374940158545139,0.0340072163575975,0.0353093451714841,0.0339258181709051,0.0340643660658123,0.0304279659191423,0.0294056726430931,NA,NA,NA,NA,NA,NA,NA,NA,NA,NA,NA,NA,NA,NA
531.24,NA,NA,NA,NA,NA,NA,NA,NA,NA,NA,NA,NA,0.0945249324853497,0.0946312269159034,0.0908424253488631,0.0890402730888122,0.0833121655598034,0.0774762406241414,0.0711541388596913,0.0765619234751916,0.0667362345020875,0.0688893799146117,0.0659295470400598,0.065534053497571,0.0634845743263393,0.0662328411481845,0.0642461895478883,0.0609555585780076,0.0615039616103067,0.0619140945528333,0.0606813324353081,0.059967628260145,0.0602437450987709,0.0581418895430252,0.0587687479596101,0.059573083280848,0.0589869824741508,0.0583086566737474,0.0588182250272293,0.060481772735393,0.0569682314696395,0.0570589677073237,0.0553351621028101,0.056654413644239,0.0530010310546391,0.0547759299586202,0.0521642252049115,0.051706671469323,0.0501094967879244,0.048957667150922,0.0469196735414761,0.0423072781184541,0.0443116042716238,0.0419723619137441,0.0371748612911939,0.0411670539426062,0.0365663621715371,0.0370001163952045,0.034943383130142,0.0327048708028108,0.032925688888555,0.0296920516772151,0.02978169716959,0.0269259264897517,NA,NA,NA,NA,NA,NA,NA,NA,NA,NA,NA,NA,NA,NA,NA
532.911,NA,NA,NA,NA,NA,NA,NA,NA,NA,NA,NA,NA,0.0916341746013448,0.0900350264378898,0.0922655729040695,0.0855047057363815,0.081656009188701,0.0777677441338113,0.0744443295208964,0.0741915336011252,0.0703157149127759,0.0714885515994814,0.0701769216136857,0.0635310300769556,0.0664810368039805,0.0648821872860387,0.0624142907324141,0.0641823937049616,0.0595125057604821,0.0594984586372472,0.0583928658848981,0.0595594926478234,0.0588149128090949,0.0611832706038133,0.0587461748810365,0.057849294028933,0.056398731305524,0.0596440259636149,0.0592042291955,0.0568725861399043,0.0580968054887614,0.0588061379163051,0.0545183696622522,0.0569958688269869,0.055215827328169,0.0533760459309466,0.053363363019444,0.0538145025353736,0.0522913087236121,0.0470868021628568,0.0475379871227885,0.0488807460917141,0.0441977714111564,0.0413491126100162,0.0430142405113887,0.04213099919421,0.0388145240930862,0.0365887698741586,0.0364860304165412,0.03455595649669,0.0342070679844024,0.0355311830753166,0.0300760329873453,NA,NA,NA,NA,NA,NA,NA,NA,NA,NA,NA,NA,NA,NA,NA,NA
534.582,NA,NA,NA,NA,NA,NA,NA,NA,NA,NA,NA,NA,NA,0.08563368721704,0.0856225074399407,0.0822950204627429,0.0756485031410901,0.0746287968971429,0.0710374075713572,0.0670079010213512,0.0673860591036937,0.0659163913463285,0.0627957608569774,0.0635187167557145,0.0611781835720437,0.0578953340735203,0.0588965299584397,0.0595793946481122,0.0591852446039728,0.0583217251799548,0.0558391694672428,0.0595163588620017,0.0575631781322893,0.0560358304232854,0.0557244064948705,0.0540690459453205,0.0544759774754457,0.0540470491509416,0.0532129304591269,0.0525899768693071,0.0525284239914207,0.0541802101182958,0.0546184930946554,0.0508277416282918,0.0521898172923641,0.0498696155207649,0.0503155589016365,0.0487595173652114,0.048683098289475,0.0469032551343974,0.0435062012439943,0.0402622247886919,0.0406152711769634,0.0385779677704974,0.0403419117624793,0.0368841124654579,0.0351200592039297,0.0361443660268715,0.0346198462039914,0.0326039505983688,0.0323170344093568,0.0296498179285946,NA,NA,NA,NA,NA,NA,NA,NA,NA,NA,NA,NA,NA,NA,NA,NA,NA
536.254,NA,NA,NA,NA,NA,NA,NA,NA,NA,NA,NA,NA,NA,0.085481731820374,0.0809618278269868,0.078188202002676,0.0845693073158722,0.0715637533164762,0.067023796879873,0.0668027824562111,0.0661831339049714,0.0646174955618977,0.0627328198269975,0.0586131156452025,0.0619172480369896,0.0602704446400771,0.0570475426917241,0.0570049424872509,0.0580772963855135,0.0581915281242807,0.0538429269774058,0.053271859939315,0.0541135273360861,0.0553501891136442,0.054194264857889,0.054404154571499,0.0543539295204088,0.0526725935242301,0.0549246131058653,0.0559218350092755,0.0549867440770303,0.0544301405721964,0.0501703185572389,0.0537302080010915,0.0510332113551399,0.0518837209654655,0.050906617738629,0.0465357581685617,0.0474733470134607,0.0435681811620854,0.0459888892592333,0.0421598121697283,0.0413797660733277,0.0414350332729285,0.0349216557983758,0.0360375799892126,0.03655076812705,0.0327648789759416,0.0307517469261897,0.0303690427894117,0.0328175356356888,NA,NA,NA,NA,NA,NA,NA,NA,NA,NA,NA,NA,NA,NA,NA,NA,NA,NA
537.925,NA,NA,NA,NA,NA,NA,NA,NA,NA,NA,NA,NA,NA,0.0873487044176907,0.081613205077428,0.0804197836259825,0.0729771656089934,0.0735539674304416,0.0736989638332041,0.0664021676562466,0.0687324229444029,0.0646201441917492,0.062130300667525,0.0634751746314526,0.0617030497765007,0.0616183979078492,0.0598311138866981,0.0597855352636343,0.0554681320446299,0.0546229840520908,0.0542503447249379,0.055544562998179,0.0558267723852563,0.0525933430431804,0.0549893608810513,0.0552981532539769,0.0552329298849471,0.0535399041590357,0.0538655981025349,0.052442891626938,0.0550108732598296,0.0534031335209523,0.0530883859674817,0.0508334638903722,0.0505697794994242,0.0537408037963673,0.0502978531828686,0.047038992745247,0.0467707098135933,0.0470574143121447,0.0428737842641757,0.0431836919327968,0.0420235196452307,0.0403551457638697,0.0410668037498598,0.0363666854714812,0.0384390630750227,0.0344988930109192,0.034713382023952,0.0329847994114075,NA,NA,NA,NA,NA,NA,NA,NA,NA,NA,NA,NA,NA,NA,NA,NA,NA,NA,NA
539.597,NA,NA,NA,NA,NA,NA,NA,NA,NA,NA,NA,NA,NA,0.0839581517358761,0.0817644348484047,0.0793146826864074,0.0772536778486025,0.0697074924552485,0.0671679076257788,0.0661917362915782,0.0646957353688941,0.0599141067134474,0.0636432512058715,0.0599433153476138,0.0576833853266485,0.0586717355662092,0.0561536984765791,0.0530925586710113,0.05683873955909,0.0522981419679843,0.053107219562965,0.0529106347095129,0.0557440547084881,0.0559729888893255,0.0497689352985995,0.0514757323849542,0.0530183425277729,0.0520653055044167,0.0527572079166173,0.0540065665324852,0.0544512693859161,0.0532439229233758,0.0519624837546605,0.0502943503095981,0.0512266912407488,0.0479282729933833,0.04760353990588,0.0481598419048273,0.0472941796409704,0.0426992460019959,0.044384633353991,0.0411022374423384,0.0397152125784011,0.0397820332858606,0.0373376942787596,0.0373984295677363,0.0332477772885754,0.031990282049311,0.0338767577125275,NA,NA,NA,NA,NA,NA,NA,NA,NA,NA,NA,NA,NA,NA,NA,NA,NA,NA,NA,NA
541.27,NA,NA,NA,NA,NA,NA,NA,NA,NA,NA,NA,NA,NA,NA,0.0820882484250414,0.077683733306593,0.0731456006267428,0.0754046994845627,0.0673244716133145,0.0644847663729268,0.0642162872721136,0.0624556548848855,0.060857484005944,0.0593766377421881,0.0617158981583833,0.0581572145596924,0.0570781803128955,0.05781776859439,0.0531304355101882,0.0553823017051749,0.0572156840474445,0.0554793600907629,0.0537756921058068,0.051899926993377,0.0542346088878966,0.0530960447263638,0.0523248538277942,0.0515404021814012,0.052819289031084,0.0514261052582698,0.0516334724144899,0.0527683544967412,0.0526246016851777,0.0505122062104582,0.0492205337782884,0.0487872386194578,0.045089188717582,0.046619525160894,0.047053567198453,0.0436578155909605,0.043963738050732,0.0431125741055381,0.0431168161012044,0.0423447201990468,0.0408277958289284,0.039739472386762,0.036215183803043,0.0334818309886924,NA,NA,NA,NA,NA,NA,NA,NA,NA,NA,NA,NA,NA,NA,NA,NA,NA,NA,NA,NA,NA
542.942,NA,NA,NA,NA,NA,NA,NA,NA,NA,NA,NA,NA,NA,NA,0.079499918964867,0.0776506378319336,0.0686169540300201,0.0689585615461526,0.0681512003756525,0.0609597568887516,0.0643430277909123,0.061304172969964,0.0589858789787271,0.0588690871991188,0.0588908725164957,0.0550859446021699,0.0533799351953681,0.0525187005040859,0.0515500948184635,0.0529972621313768,0.0547766841069541,0.0510345756080112,0.0540170429554179,0.0517486526005501,0.0530305274733435,0.0520734932153361,0.0507866326432806,0.0501723622299988,0.0500241868250008,0.0487745030513458,0.051108520260023,0.0504401200359152,0.0481922552089866,0.0512487244297668,0.0496207898568155,0.0470107087793847,0.0502649104859079,0.0449157026675417,0.0446553768672404,0.0409572696544504,0.043421496019014,0.0418763164729026,0.0396377945653967,0.0420142690245634,0.037910520212761,0.0367534998617159,0.0357053537761663,NA,NA,NA,NA,NA,NA,NA,NA,NA,NA,NA,NA,NA,NA,NA,NA,NA,NA,NA,NA,NA,NA
544.615,NA,NA,NA,NA,NA,NA,NA,NA,NA,NA,NA,NA,NA,NA,0.0752861807736374,0.070657977788144,0.0729940490057171,0.0666148354497909,0.0650858352799301,0.0653260876463875,0.0609649745615917,0.0603081500304627,0.0586399293459634,0.0548517456970999,0.0566653499743546,0.0560435378005715,0.0532020930480475,0.0520393798601077,0.05445598376403,0.0530765518602916,0.0488471566931668,0.0496538778180004,0.0519999687075302,0.0496921014017079,0.0500084442114746,0.0506884516482896,0.0510642120890441,0.0498278322685015,0.0499646281751332,0.0504499798054952,0.0490403671003184,0.0472686524965368,0.0489525849235246,0.0481597384515817,0.046345524233112,0.0472092092372447,0.047763359756256,0.0449465207489182,0.0435449376980863,0.0440252962733204,0.0395310944416101,0.0401287848910832,0.0397341380183014,0.0377521648600444,0.0377295354847509,NA,NA,NA,NA,NA,NA,NA,NA,NA,NA,NA,NA,NA,NA,NA,NA,NA,NA,NA,NA,NA,NA,NA,NA
546.288,NA,NA,NA,NA,NA,NA,NA,NA,NA,NA,NA,NA,NA,NA,NA,0.0726403639923362,0.0712749634924673,0.0701966038905338,0.0693732882846065,0.0674144966010731,0.0620445979285359,0.0617568143281191,0.0586671318553715,0.0585748261301822,0.0583783431601583,0.0543332380205876,0.0527831807339969,0.0531365121058714,0.0562613900599713,0.0534392948574578,0.0512368026844242,0.0525396184003292,0.0514809642868913,0.0520854456410935,0.0497684208333725,0.0492582315553755,0.0509109252410127,0.0489642176644379,0.0493867455658008,0.051955501262183,0.0528821448066472,0.0469428415478712,0.0476472005744703,0.0488256421582236,0.0468862004745834,0.0492737664538624,0.0460563482937489,0.0436440030695957,0.0447322909766193,0.0436754689742655,0.0418935129086126,0.0418814723876868,0.036826652856813,0.0402064719264964,NA,NA,NA,NA,NA,NA,NA,NA,NA,NA,NA,NA,NA,NA,NA,NA,NA,NA,NA,NA,NA,NA,NA,NA,NA
547.961,NA,NA,NA,NA,NA,NA,NA,NA,NA,NA,NA,NA,NA,NA,NA,0.0728929774125445,0.0694638971164994,0.0674414783150648,0.0653193245980841,0.0600908033260217,0.0581155194685961,0.0574142450613682,0.0577133441136329,0.0525528508612842,0.0526470570122521,0.0562673050027314,0.0488324007109904,0.051503183978274,0.0468818776465621,0.0487210558162161,0.0494457279837732,0.0487060493035639,0.0459877522167453,0.0479569689293415,0.0461975584286484,0.0462625897316526,0.0465940319836499,0.0490406663094805,0.0461533501349252,0.0450077239280534,0.0447590652423952,0.0486083008637962,0.0477997449796905,0.0440484119594476,0.0432793696054017,0.0444395899783245,0.0450096226282352,0.0414199932616686,0.0436046238088446,0.0435645090099774,0.0388828840015504,0.040261672822133,0.0355615634219014,NA,NA,NA,NA,NA,NA,NA,NA,NA,NA,NA,NA,NA,NA,NA,NA,NA,NA,NA,NA,NA,NA,NA,NA,NA,NA
549.635,NA,NA,NA,NA,NA,NA,NA,NA,NA,NA,NA,NA,NA,NA,NA,0.0701450318742547,0.0673691221604603,0.0663539063451502,0.0609958226520872,0.0622494258517069,0.0598184163716813,0.0571289645259887,0.0576842482789278,0.0568765407075095,0.0533429754746854,0.0497130865522731,0.0520433092232337,0.0522237394599969,0.0500476506035945,0.0493952560129365,0.0487345250821386,0.0478996645858143,0.0508438863800141,0.0475454233127108,0.0465672494792072,0.0471324336413425,0.0450723527308475,0.0465698103737854,0.0498369581583174,0.0488724887128668,0.0454980223396371,0.0467493987223145,0.0456932450559975,0.0464932747439406,0.045086429968041,0.0445309008284338,0.0442701278870088,0.0440319416867618,0.0443468413627194,0.0376894125378963,0.0384754153574985,0.0385048016260212,NA,NA,NA,NA,NA,NA,NA,NA,NA,NA,NA,NA,NA,NA,NA,NA,NA,NA,NA,NA,NA,NA,NA,NA,NA,NA,NA
551.309,NA,NA,NA,NA,NA,NA,NA,NA,NA,NA,NA,NA,NA,NA,NA,0.0709169622515976,0.059401056432472,0.0668833301622087,0.0575064914380583,0.0598545275672183,0.0546967698437446,0.0532995199682825,0.0500156911654741,0.0497378938011019,0.0497756075767313,0.05012881601499,0.0463062389674587,0.0462974481695414,0.0478367377757962,0.0496416106243073,0.0439654885713932,0.0460948854247752,0.0445558541847543,0.0432968341589852,0.0457393698570541,0.0457995690602936,0.0418481338736862,0.0445117696526147,0.0465079490070901,0.0475505122021793,0.0445975009549292,0.0449835597866936,0.0432332280007639,0.0446523926534865,0.0409390683084018,0.0405424076073666,0.0417047684950579,0.0401194589212186,0.038663812459039,0.0371288363347226,0.0354235795353849,NA,NA,NA,NA,NA,NA,NA,NA,NA,NA,NA,NA,NA,NA,NA,NA,NA,NA,NA,NA,NA,NA,NA,NA,NA,NA,NA,NA
552.983,NA,NA,NA,NA,NA,NA,NA,NA,NA,NA,NA,NA,NA,NA,NA,NA,0.0642768129087782,0.0628191781736729,0.0626196525775909,0.0555892978699829,0.060527889579971,0.0552311616801956,0.0527846373273988,0.0549287285628792,0.0498812665639128,0.0490605598911528,0.0497380253602567,0.0509599530510377,0.046477011453055,0.0470177355202335,0.0459008239245993,0.0462579560606578,0.0444314843400552,0.0459036419558974,0.0443446039875199,0.0460651126596197,0.0437136223857214,0.0460169876087771,0.0444222757067381,0.0427352740492745,0.0448968163387776,0.0443212510342528,0.0447502427708542,0.0455290911706051,0.0432120149771064,0.0445924868903326,0.0427879095808878,0.03989029768006,0.0421362214637208,0.0383190982910599,NA,NA,NA,NA,NA,NA,NA,NA,NA,NA,NA,NA,NA,NA,NA,NA,NA,NA,NA,NA,NA,NA,NA,NA,NA,NA,NA,NA,NA
554.658,NA,NA,NA,NA,NA,NA,NA,NA,NA,NA,NA,NA,NA,NA,NA,NA,0.0599117325116838,0.0604676107469044,0.0555364899332556,0.0531618488130141,0.0540509705882092,0.0485322217445291,0.0494119009415272,0.0488955296663122,0.0506293880401311,0.04688437784221,0.0455401360612136,0.0435346685941713,0.0448573081720651,0.0428619906069716,0.042888137761264,0.0436455499289469,0.0427105665900606,0.0433889698612579,0.0421196808085272,0.0418525877792918,0.0407538262849056,0.0415938038830594,0.0399558647063539,0.0418300592305971,0.0401704737368199,0.0409107644079695,0.0399656272093194,0.0405422217986388,0.0387115026114859,0.0393212598015129,0.0367534591589265,0.0415523955358744,0.0404006621316594,NA,NA,NA,NA,NA,NA,NA,NA,NA,NA,NA,NA,NA,NA,NA,NA,NA,NA,NA,NA,NA,NA,NA,NA,NA,NA,NA,NA,NA,NA
556.332,NA,NA,NA,NA,NA,NA,NA,NA,NA,NA,NA,NA,NA,NA,NA,NA,0.0622000109211914,0.0583206699575996,0.060282816859553,0.0559595600763568,0.0538465798594424,0.0540196281024121,0.0508736853614181,0.0509345552943209,0.0490127324850279,0.0490144641139104,0.0454810396279613,0.0490765819690254,0.0456009560344761,0.0465492779354516,0.0425263916618035,0.0453186336398233,0.0443671615149297,0.0438030815143278,0.0436035298409495,0.0431698643277197,0.0418032807885552,0.0411585971642129,0.0393198882369511,0.0432263421783182,0.0424367732695255,0.0427989081294367,0.0429869758191589,0.040966125529377,0.0410667053158839,0.041949414146652,0.0417411582143413,0.040180576839016,NA,NA,NA,NA,NA,NA,NA,NA,NA,NA,NA,NA,NA,NA,NA,NA,NA,NA,NA,NA,NA,NA,NA,NA,NA,NA,NA,NA,NA,NA,NA
558.007,NA,NA,NA,NA,NA,NA,NA,NA,NA,NA,NA,NA,NA,NA,NA,NA,NA,0.0550745340800056,0.0529443977869893,0.0490542593139001,0.0518681105575449,0.0472289745756625,0.0481062267254899,0.0462703612927025,0.0487593896795471,0.0440714661527656,0.0429435057374069,0.0398920055860789,0.0389929871127175,0.0416913096777576,0.0400776778089087,0.0404667436555431,0.0388755835566964,0.0407833115933045,0.0405840974555966,0.0389607069929915,0.0384480734006277,0.0383496971223191,0.0390026168954424,0.0397227992571656,0.0383661602322576,0.0414147152610587,0.0387647234779723,0.0384363859632565,0.0360356519343518,0.035794484235813,NA,NA,NA,NA,NA,NA,NA,NA,NA,NA,NA,NA,NA,NA,NA,NA,NA,NA,NA,NA,NA,NA,NA,NA,NA,NA,NA,NA,NA,NA,NA,NA,NA
559.683,NA,NA,NA,NA,NA,NA,NA,NA,NA,NA,NA,NA,NA,NA,NA,NA,NA,0.0552930999197253,0.055689596229971,0.0504753350400648,0.0476026817765061,0.0462621695166652,0.0429253520773299,0.0448577859226003,0.0458399081034067,0.0451605821424836,0.0403643087876019,0.039944850189302,0.0446173919462592,0.0408592905142302,0.0391670652618661,0.0393658690890667,0.0369964587808383,0.0417159471906057,0.0393770800199803,0.0353152184995527,0.0366251445427748,0.0394189869600005,0.0380382390663305,0.0366794045532756,0.0399756539446952,0.0378519327544886,0.0382739941085471,0.037712699899532,0.0346239861841051,NA,NA,NA,NA,NA,NA,NA,NA,NA,NA,NA,NA,NA,NA,NA,NA,NA,NA,NA,NA,NA,NA,NA,NA,NA,NA,NA,NA,NA,NA,NA,NA,NA,NA
561.358,NA,NA,NA,NA,NA,NA,NA,NA,NA,NA,NA,NA,NA,NA,NA,NA,NA,0.0520803730339623,0.0492486997651297,0.0483472830728062,0.0513030277410273,0.0475662936183365,0.0453245192646648,0.0444043015626365,0.0457482005915065,0.043692751731972,0.0443362028553101,0.0430084527845112,0.0423994658080661,0.0424446646524347,0.0395674735249389,0.0393849006602957,0.0394250803447637,0.0414321107321275,0.0408411865461644,0.0380676348851469,0.039691472350964,0.0368376433414684,0.0375791179069516,0.0397022103512554,0.0392798015598275,0.0383050751111246,0.0383041056853748,0.0375260506424513,NA,NA,NA,NA,NA,NA,NA,NA,NA,NA,NA,NA,NA,NA,NA,NA,NA,NA,NA,NA,NA,NA,NA,NA,NA,NA,NA,NA,NA,NA,NA,NA,NA,NA,NA
563.034,NA,NA,NA,NA,NA,NA,NA,NA,NA,NA,NA,NA,NA,NA,NA,NA,NA,0.0541446849431306,0.0512162065255602,0.0484753676927909,0.0475014842661846,0.0469323678431916,0.045196587696081,0.0430494226292062,0.0406225325333767,0.0436942315799686,0.039071627886424,0.0407062631651358,0.0389693715122416,0.0408849239219506,0.0380332009203554,0.0393976361551613,0.0376959320774429,0.0357661222786266,0.0361146815047433,0.0354372750721995,0.0358677845901681,0.0374355039204751,0.0370718673283134,0.0388729385571284,0.0371792880263867,0.0393770803060973,0.0378643094423144,NA,NA,NA,NA,NA,NA,NA,NA,NA,NA,NA,NA,NA,NA,NA,NA,NA,NA,NA,NA,NA,NA,NA,NA,NA,NA,NA,NA,NA,NA,NA,NA,NA,NA,NA,NA
564.71,NA,NA,NA,NA,NA,NA,NA,NA,NA,NA,NA,NA,NA,NA,NA,NA,NA,NA,0.0493941395456334,0.047004168991617,0.0450110515842024,0.0448883518145562,0.0437142442523262,0.0429431424218433,0.0417019684309754,0.0410641489443709,0.0389771356433349,0.0411639097342675,0.0384891936343859,0.0397454660426135,0.0375741489460461,0.0373043408403326,0.0387921540165583,0.0358812835872198,0.036520010592398,0.0377018543264323,0.0341046688189793,0.0357628580801493,0.0372940930401932,0.0357818642209347,0.0359319228539601,0.0373529847440151,NA,NA,NA,NA,NA,NA,NA,NA,NA,NA,NA,NA,NA,NA,NA,NA,NA,NA,NA,NA,NA,NA,NA,NA,NA,NA,NA,NA,NA,NA,NA,NA,NA,NA,NA,NA,NA
566.386,NA,NA,NA,NA,NA,NA,NA,NA,NA,NA,NA,NA,NA,NA,NA,NA,NA,NA,0.0460893980299325,0.0445065270018988,0.0459126544595434,0.041629312782538,0.0457229208903661,0.0425430407417868,0.0403537871390074,0.0380290999465487,0.0382917970489602,0.0366958003411237,0.0366489605189378,0.0372827028941625,0.039167454778899,0.037421646183284,0.0360028230171353,0.0358977818880652,0.0343737270227686,0.036843140672555,0.0359876191803075,0.0337337922193464,0.0344103259552331,0.0341024780459174,0.0357098663060754,NA,NA,NA,NA,NA,NA,NA,NA,NA,NA,NA,NA,NA,NA,NA,NA,NA,NA,NA,NA,NA,NA,NA,NA,NA,NA,NA,NA,NA,NA,NA,NA,NA,NA,NA,NA,NA,NA
568.063,NA,NA,NA,NA,NA,NA,NA,NA,NA,NA,NA,NA,NA,NA,NA,NA,NA,NA,0.0485179581059951,0.040903634195602,0.0385458642305766,0.0397767150800791,0.041396656930063,0.0394232688812632,0.0374270097689296,0.0380166135735056,0.0376227322824167,0.0378808242096887,0.0380029496836897,0.0350914622966895,0.0346484477781696,0.0384334308617691,0.0349352589849951,0.0341300372826274,0.0338838627426794,0.0342695967822772,0.0348953953968762,0.0326025424490086,0.0341002935639811,0.0345988200274655,NA,NA,NA,NA,NA,NA,NA,NA,NA,NA,NA,NA,NA,NA,NA,NA,NA,NA,NA,NA,NA,NA,NA,NA,NA,NA,NA,NA,NA,NA,NA,NA,NA,NA,NA,NA,NA,NA,NA
569.739,NA,NA,NA,NA,NA,NA,NA,NA,NA,NA,NA,NA,NA,NA,NA,NA,NA,NA,0.044908608267827,0.047137485554081,0.0439138454942817,0.045171810358998,0.0428197674978811,0.0414438520873305,0.043061328025432,0.0396814518923889,0.0365036829039722,0.0353045564199398,0.0393982125981577,0.0367401546261453,0.0351733227386512,0.035416933619592,0.0356608364625276,0.0353539788383066,0.0363003424297262,0.0347995023704196,0.0327877349440881,0.033651391020364,0.0356739382039959,NA,NA,NA,NA,NA,NA,NA,NA,NA,NA,NA,NA,NA,NA,NA,NA,NA,NA,NA,NA,NA,NA,NA,NA,NA,NA,NA,NA,NA,NA,NA,NA,NA,NA,NA,NA,NA,NA,NA,NA
571.416,NA,NA,NA,NA,NA,NA,NA,NA,NA,NA,NA,NA,NA,NA,NA,NA,NA,NA,NA,0.0407262151573657,0.0408044608552761,0.0402916323623602,0.0398670528634129,0.0366351356037681,0.0355583124599644,0.0342318449346199,0.0351550388242922,0.0365278468903538,0.0354664371826238,0.0310690188292803,0.0344125720060627,0.0323637428898506,0.0305078821505512,0.0312848815319299,0.029720784637735,0.0307858883990579,0.0309805246664733,0.0318942143940448,NA,NA,NA,NA,NA,NA,NA,NA,NA,NA,NA,NA,NA,NA,NA,NA,NA,NA,NA,NA,NA,NA,NA,NA,NA,NA,NA,NA,NA,NA,NA,NA,NA,NA,NA,NA,NA,NA,NA,NA,NA
573.093,NA,NA,NA,NA,NA,NA,NA,NA,NA,NA,NA,NA,NA,NA,NA,NA,NA,NA,NA,0.0384092789847749,0.0393705176165608,0.0386347711822079,0.0381223021866719,0.038995350640679,0.0338826115803999,0.0394378421504692,0.0355711709433242,0.0352913776422966,0.032905513407385,0.0328749412806052,0.0343858748555629,0.0325350243265317,0.034597485442813,0.0319713701502184,0.0310862158568048,0.031776928789796,NA,NA,NA,NA,NA,NA,NA,NA,NA,NA,NA,NA,NA,NA,NA,NA,NA,NA,NA,NA,NA,NA,NA,NA,NA,NA,NA,NA,NA,NA,NA,NA,NA,NA,NA,NA,NA,NA,NA,NA,NA,NA,NA
574.771,NA,NA,NA,NA,NA,NA,NA,NA,NA,NA,NA,NA,NA,NA,NA,NA,NA,NA,NA,0.0376755501765422,0.0407171124517076,0.0383489154471869,0.0349660253568331,0.0388464703528918,0.0341139051883025,0.0334278924257772,0.0326861252426413,0.0352678803339586,0.0342566107340046,0.0339798201423978,0.0298241109398265,0.0316119001858316,0.0315657951838432,0.0304351210975123,0.032279198431211,NA,NA,NA,NA,NA,NA,NA,NA,NA,NA,NA,NA,NA,NA,NA,NA,NA,NA,NA,NA,NA,NA,NA,NA,NA,NA,NA,NA,NA,NA,NA,NA,NA,NA,NA,NA,NA,NA,NA,NA,NA,NA,NA,NA
576.448,NA,NA,NA,NA,NA,NA,NA,NA,NA,NA,NA,NA,NA,NA,NA,NA,NA,NA,NA,NA,0.0409400238840744,0.0396301562323796,0.0367459984757032,0.040586853428811,0.0371691268300068,0.0342271690513283,0.0357301760401697,0.0343500243340524,0.034527960687249,0.0335292406277383,0.032309294697694,0.0310782492702223,0.0336226788450563,0.0307939837508312,NA,NA,NA,NA,NA,NA,NA,NA,NA,NA,NA,NA,NA,NA,NA,NA,NA,NA,NA,NA,NA,NA,NA,NA,NA,NA,NA,NA,NA,NA,NA,NA,NA,NA,NA,NA,NA,NA,NA,NA,NA,NA,NA,NA,NA
578.126,NA,NA,NA,NA,NA,NA,NA,NA,NA,NA,NA,NA,NA,NA,NA,NA,NA,NA,NA,NA,0.036007201459362,0.037881529690532,0.0338718883368494,0.0335628905228264,0.0340521187961062,0.0350389304743385,0.028418424849292,0.0309400452833413,0.0288276219965999,0.0290091103367188,0.031671985311391,0.0308535012393741,0.0275158600585745,NA,NA,NA,NA,NA,NA,NA,NA,NA,NA,NA,NA,NA,NA,NA,NA,NA,NA,NA,NA,NA,NA,NA,NA,NA,NA,NA,NA,NA,NA,NA,NA,NA,NA,NA,NA,NA,NA,NA,NA,NA,NA,NA,NA,NA,NA
579.804,NA,NA,NA,NA,NA,NA,NA,NA,NA,NA,NA,NA,NA,NA,NA,NA,NA,NA,NA,NA,0.0357831981779255,0.0352677093806523,0.0345662773186843,0.031585604173393,0.0318787217164248,0.0293827308956188,0.0297132832854773,0.0289060973321099,0.0305372625943536,0.0277212094307162,0.0281868641318838,0.0271969747033638,NA,NA,NA,NA,NA,NA,NA,NA,NA,NA,NA,NA,NA,NA,NA,NA,NA,NA,NA,NA,NA,NA,NA,NA,NA,NA,NA,NA,NA,NA,NA,NA,NA,NA,NA,NA,NA,NA,NA,NA,NA,NA,NA,NA,NA,NA,NA
581.483,NA,NA,NA,NA,NA,NA,NA,NA,NA,NA,NA,NA,NA,NA,NA,NA,NA,NA,NA,NA,0.0374154525446275,0.0331849983160151,0.0309841227766366,0.0318566780399564,0.0301771164100265,0.0303445542424756,0.0290428870434745,0.0312887863157212,0.0286515017965708,0.0280228577936269,0.0273910926787506,NA,NA,NA,NA,NA,NA,NA,NA,NA,NA,NA,NA,NA,NA,NA,NA,NA,NA,NA,NA,NA,NA,NA,NA,NA,NA,NA,NA,NA,NA,NA,NA,NA,NA,NA,NA,NA,NA,NA,NA,NA,NA,NA,NA,NA,NA,NA,NA
583.161,NA,NA,NA,NA,NA,NA,NA,NA,NA,NA,NA,NA,NA,NA,NA,NA,NA,NA,NA,NA,NA,0.0333195006704358,0.0298638452315457,0.0303744712474763,0.0288577012451683,0.0282451254535731,0.029716533220022,0.0254803559597997,0.0288524704724846,0.0281083983564488,NA,NA,NA,NA,NA,NA,NA,NA,NA,NA,NA,NA,NA,NA,NA,NA,NA,NA,NA,NA,NA,NA,NA,NA,NA,NA,NA,NA,NA,NA,NA,NA,NA,NA,NA,NA,NA,NA,NA,NA,NA,NA,NA,NA,NA,NA,NA,NA,NA
584.84,NA,NA,NA,NA,NA,NA,NA,NA,NA,NA,NA,NA,NA,NA,NA,NA,NA,NA,NA,NA,NA,0.031662208738979,0.0332024957905846,0.0301586190790657,0.0327611961976019,0.0314197032100835,0.0273987184329785,0.0287105385062439,0.0276294735074622,NA,NA,NA,NA,NA,NA,NA,NA,NA,NA,NA,NA,NA,NA,NA,NA,NA,NA,NA,NA,NA,NA,NA,NA,NA,NA,NA,NA,NA,NA,NA,NA,NA,NA,NA,NA,NA,NA,NA,NA,NA,NA,NA,NA,NA,NA,NA,NA,NA,NA
586.519,NA,NA,NA,NA,NA,NA,NA,NA,NA,NA,NA,NA,NA,NA,NA,NA,NA,NA,NA,NA,NA,0.0299236859502054,0.0280849833980852,0.0293651540205491,0.0300441369139637,0.0275294961634435,0.0305586799190138,NA,NA,NA,NA,NA,NA,NA,NA,NA,NA,NA,NA,NA,NA,NA,NA,NA,NA,NA,NA,NA,NA,NA,NA,NA,NA,NA,NA,NA,NA,NA,NA,NA,NA,NA,NA,NA,NA,NA,NA,NA,NA,NA,NA,NA,NA,NA,NA,NA,NA,NA,NA
588.198,NA,NA,NA,NA,NA,NA,NA,NA,NA,NA,NA,NA,NA,NA,NA,NA,NA,NA,NA,NA,NA,NA,0.028108367627178,0.027047947606175,0.0286260401212181,0.0277914254713095,NA,NA,NA,NA,NA,NA,NA,NA,NA,NA,NA,NA,NA,NA,NA,NA,NA,NA,NA,NA,NA,NA,NA,NA,NA,NA,NA,NA,NA,NA,NA,NA,NA,NA,NA,NA,NA,NA,NA,NA,NA,NA,NA,NA,NA,NA,NA,NA,NA,NA,NA,NA,NA
589.878,NA,NA,NA,NA,NA,NA,NA,NA,NA,NA,NA,NA,NA,NA,NA,NA,NA,NA,NA,NA,NA,NA,0.0299241178677214,0.0264582947896137,0.0301186507261056,NA,NA,NA,NA,NA,NA,NA,NA,NA,NA,NA,NA,NA,NA,NA,NA,NA,NA,NA,NA,NA,NA,NA,NA,NA,NA,NA,NA,NA,NA,NA,NA,NA,NA,NA,NA,NA,NA,NA,NA,NA,NA,NA,NA,NA,NA,NA,NA,NA,NA,NA,NA,NA,NA
591.557,NA,NA,NA,NA,NA,NA,NA,NA,NA,NA,NA,NA,NA,NA,NA,NA,NA,NA,NA,NA,NA,NA,0.0270517945567434,0.0272346783071968,NA,NA,NA,NA,NA,NA,NA,NA,NA,NA,NA,NA,NA,NA,NA,NA,NA,NA,NA,NA,NA,NA,NA,NA,NA,NA,NA,NA,NA,NA,NA,NA,NA,NA,NA,NA,NA,NA,NA,NA,NA,NA,NA,NA,NA,NA,NA,NA,NA,NA,NA,NA,NA,NA,NA
593.237,NA,NA,NA,NA,NA,NA,NA,NA,NA,NA,NA,NA,NA,NA,NA,NA,NA,NA,NA,NA,NA,NA,0.0228397506978873,NA,NA,NA,NA,NA,NA,NA,NA,NA,NA,NA,NA,NA,NA,NA,NA,NA,NA,NA,NA,NA,NA,NA,NA,NA,NA,NA,NA,NA,NA,NA,NA,NA,NA,NA,NA,NA,NA,NA,NA,NA,NA,NA,NA,NA,NA,NA,NA,NA,NA,NA,NA,NA,NA,NA,NA
